788,1071,808,1071,808,1077,788,1077,МГСА
744,927,763,927,763,942,744,942,13
768,926,800,926,800,942,768,942,min
342,931,422,931,422,951,342,951,Ореховый
428,928,481,928,481,949,428,949,бульв.,
484,933,499,933,499,947,484,947,д.
503,930,526,930,526,947,503,947,35,
529,932,574,932,574,947,529,947,корп.
579,929,589,929,589,945,579,945,2
342,910,412,910,412,925,342,925,Pharmacy
418,908,457,908,457,925,418,925,point
460,906,474,906,474,922,460,922,№
478,906,510,906,510,921,478,921,53-3
343,892,393,892,393,906,343,906,Branch
398,890,414,890,414,905,398,905,№
416,891,427,891,427,904,416,904,1
343,877,376,877,376,889,343,889,SBHI
379,874,417,874,417,891,379,891,«City
421,873,492,873,492,890,421,890,polyclinic
495,871,511,871,511,888,495,888,№
514,872,549,872,549,888,514,888,214»
344,851,432,851,432,868,344,868,Аптечный
437,853,488,853,488,871,437,871,пункт
492,850,511,850,511,867,492,867,№
516,850,556,850,556,867,516,867,53-3
346,832,413,832,413,850,346,850,Филиал
417,833,437,833,437,848,417,848,№
440,834,451,834,451,849,440,849,1
345,814,386,814,386,830,345,830,ГБУЗ
389,812,489,812,489,830,389,830,«Городская
494,812,612,812,612,827,494,827,поликлиника
615,809,634,809,634,826,615,826,№
639,808,671,808,671,825,639,825,214
673,808,722,808,722,827,673,827,ДЗМ»
19,1208,33,1208,33,1216,19,1216,###
34,1208,43,1208,43,1215,34,1215,999
45,1207,52,1207,52,1215,45,1215,###
53,1207,60,1207,60,1215,53,1215,###
101,1194,116,1194,116,1206,101,1206,014
14,1195,40,1195,40,1206,14,1206,Яндекс
43,1193,63,1193,63,1205,43,1205,такси
651,1091,665,1091,665,1103,651,1103,58
804,519,809,519,809,530,804,530,###
807,502,818,502,818,523,807,523,###
819,480,827,480,827,503,819,503,###
827,450,839,450,839,487,827,487,###
838,396,863,396,863,459,838,459,###
864,389,869,389,869,410,864,410,д.
870,364,878,364,878,391,870,391,14
879,327,896,327,896,373,879,373,корп.
896,313,902,313,902,334,896,334,3
811,377,833,377,833,440,811,440,school
831,358,841,358,841,387,831,387,N3
840,317,854,317,854,365,840,365,534
806,338,825,338,825,411,806,411,ГБОУ
827,262,859,262,859,359,827,359,Школа
859,222,874,222,874,273,859,273,№
873,157,899,157,899,234,873,234,534
784,356,789,356,789,377,784,377,###
789,332,797,332,797,366,789,366,###
797,310,804,310,804,341,797,341,###
804,280,815,280,815,317,804,317,###
814,220,834,220,834,288,814,288,###
834,208,840,208,840,233,834,233,###
839,183,847,183,847,214,839,214,###
845,134,863,134,863,189,845,189,###
861,125,867,125,867,147,861,147,###
790,200,814,200,814,281,790,281,Children's
813,130,832,130,832,206,813,206,school
832,109,840,109,840,144,832,144,###
841,70,854,70,854,121,841,121,###
854,41,862,41,862,72,854,72,###
864,6,873,6,873,41,864,41,10
787,176,809,176,809,263,787,263,Детская
809,102,832,102,832,183,809,183,школа
898,409,903,409,903,414,898,414,.
904,401,943,401,943,416,904,416,Мусы
947,402,1000,402,1000,416,947,416,###
906,382,940,382,940,397,906,397,ак»
916,364,970,364,970,379,916,379,Moscow
973,364,1000,364,1000,380,973,380,###
925,348,962,348,962,361,925,361,###
932,326,999,326,999,342,932,342,ентр
748,167,770,167,770,209,748,209,i
715,188,722,188,722,246,715,246,###
723,726,742,726,742,741,723,741,11
747,727,779,727,779,743,747,743,min
352,734,430,734,430,751,352,751,Ореховый
435,733,462,733,462,751,435,751,пр.,
465,733,480,733,480,748,465,748,д.
483,732,506,732,506,748,483,748,35,
508,733,551,733,551,748,508,748,корп.
554,729,565,729,565,745,554,745,2
354,704,477,704,477,723,354,723,«Zhilishchnik
481,702,501,702,501,721,481,721,of
504,701,573,701,573,720,504,720,district
576,701,689,701,689,721,576,721,Zyablikovo»
564,625,658,625,658,653,564,653,района
354,686,384,686,384,702,354,702,SBI
387,683,408,683,408,702,387,702,of
410,683,484,683,484,701,410,701,Moscow
356,658,506,658,506,678,356,678,Зябликово»
358,627,399,627,399,654,358,654,ГБУ
404,625,561,625,561,652,404,652,«Жилищник
361,564,462,564,462,576,361,576,Шипиловская
465,565,489,565,489,577,465,577,ул.,
492,565,506,565,506,576,492,576,д.
510,561,529,561,529,576,510,576,48,
534,562,573,562,573,576,534,576,корп.
576,559,585,559,585,573,576,573,1
362,545,471,545,471,558,362,558,«Tsaritsynskiy»
476,543,525,543,525,555,476,555,branch
529,541,621,541,621,556,529,556,«Zyablikovo»
363,527,436,527,436,539,363,539,Territorial
438,527,485,527,485,539,438,539,Center
488,524,509,524,509,538,488,538,for
512,524,553,524,553,537,512,537,Social
556,523,613,523,613,536,556,536,Services
363,508,430,508,430,524,363,524,филиал
435,506,544,506,544,520,435,520,«Зябликово»
365,489,486,489,486,506,365,506,обслуживания
492,484,634,484,634,504,492,504,«Царицынский»
364,469,518,469,518,488,364,488,Территориальный
523,472,574,472,574,487,523,487,центр
577,467,686,467,686,483,577,483,социального
706,555,719,555,719,570,706,570,9
720,554,751,554,751,570,720,570,min
694,403,713,403,713,417,694,417,11
715,402,741,402,741,416,715,416,min
367,411,457,411,457,425,367,425,Борисовский
462,410,485,410,485,423,462,423,пр.,
487,411,501,411,501,423,487,423,д.
506,408,523,408,523,423,506,423,22,
527,408,565,408,565,422,527,422,корп.
569,407,579,407,579,421,569,421,1,
582,407,609,407,609,422,582,422,стр.
611,406,621,406,621,419,611,419,2
367,390,456,390,456,406,367,406,Territorial
461,390,497,390,497,405,461,405,club
500,391,564,391,564,406,500,406,system
568,388,671,388,671,403,568,403,«Orekhovo»
368,368,506,368,506,391,368,391,«Орехово»
371,345,472,345,472,368,371,368,клубная
480,347,584,347,584,363,480,363,система
370,323,596,323,596,345,370,345,Территориальная
