901,928,967,928,967,951,901,951,###
823,928,894,928,894,952,823,952,###
533,929,631,929,631,951,533,951,###
672,932,784,932,784,948,672,948,###
753,832,871,832,871,859,753,859,оттуда.
628,835,740,835,740,858,628,858,начать
948,783,1147,783,1147,817,948,817,попробуйте
919,788,936,788,936,812,919,812,###
754,786,909,786,909,816,754,816,страницу
604,788,740,788,740,812,604,812,главную
555,788,591,788,591,808,555,808,на
355,780,538,780,538,813,355,813,Перейдите
920,738,1070,738,1070,764,920,764,автором.
775,736,908,736,908,768,775,768,удалена
675,732,758,732,758,763,675,763,была
506,738,663,738,663,766,506,766,страница
431,739,494,739,494,761,431,761,###
1055,692,1168,692,1168,715,1055,715,ссылка
845,690,1043,690,1043,719,845,719,устаревшая
662,692,815,692,815,713,662,713,###
463,689,647,689,647,715,463,715,вероятные
825,700,834,700,834,707,825,707,###
335,685,446,685,446,714,335,714,Самые
787,640,969,640,969,668,787,668,случается.
657,640,775,640,775,666,657,666,иногда
541,636,645,636,645,664,541,664,Такое
937,496,1139,496,1139,552,937,552,найдена
859,504,918,504,918,542,859,542,не
608,496,843,496,843,545,608,545,Страница
376,492,592,492,592,538,376,538,Ошибка.
540,151,994,151,994,369,540,369,404
