848,547,968,547,968,580,848,580,Медоборы
310,1003,475,1003,475,1027,310,1027,Маникюрные
277,971,471,971,471,1001,277,1001,Инструменты:
330,923,407,923,407,952,330,952,Крыма
313,929,327,929,327,947,313,947,и
248,927,310,927,310,953,248,953,Кореи
220,936,247,936,247,956,220,956,из
221,903,342,903,342,925,221,925,Косметика
222,877,309,877,309,900,222,900,Ресницы
309,848,414,848,414,875,309,875,Сваровски
222,851,306,851,306,875,222,875,Стразы
222,823,353,823,353,849,222,849,Косметички
271,803,322,803,322,823,271,823,лаки
220,799,265,799,265,823,220,823,Гель
293,734,478,734,478,772,293,772,КосметичкА
434,677,468,677,468,695,434,695,дня
324,679,431,679,431,694,324,694,ВЫХОДНОГО
255,681,319,681,319,695,255,695,ГРУППА
253,663,341,663,341,676,253,676,ВЕЧЕРНЯЯ
255,644,333,644,333,661,255,661,ДНЕВНАЯ
332,621,447,621,447,641,332,641,ОБУЧЕНИЯ:
245,621,327,621,327,643,245,643,ФОРМЫ
607,679,747,679,747,689,607,689,###
522,680,602,680,602,690,522,690,www.avto-luch.ru
665,659,743,659,743,674,665,674,023-57-57
630,659,661,659,661,675,630,675,978
616,658,628,658,628,675,616,675,7
604,662,616,662,616,677,604,677,+
536,659,601,659,601,678,536,678,2-57-75,
520,664,535,664,535,676,520,676,т.
638,643,647,643,647,657,638,657,6
552,642,637,642,637,656,552,656,Строителей,
528,646,548,646,548,659,528,659,ул.
661,629,676,629,676,640,661,640,8a
587,629,658,629,658,643,587,643,Украинки,
551,629,583,629,583,643,551,643,Леси
529,632,548,632,548,643,529,643,ул.
531,615,605,615,605,629,531,629,Евпатория
521,618,531,618,531,628,521,628,г.
591,581,712,581,712,601,591,601,ВОЖДЕНИЯ
516,581,588,581,588,603,516,603,ЧАСОВ
404,584,513,584,513,603,404,603,УДОБНЫХ
320,585,399,585,399,603,320,603,ВЫБОР
543,561,634,561,634,583,543,583,ПОДХОД
320,558,537,558,537,585,320,585,ИНДИВИДУАЛЬНЫЙ
631,541,671,541,671,557,631,557,Nexia
571,542,628,542,628,560,571,560,Daewoo
515,542,567,542,567,559,515,559,Solaris,
451,543,513,543,513,559,451,559,Hyundai
413,546,450,546,450,560,413,560,Polo,
319,544,410,544,410,562,319,562,Volkswagen
558,522,619,522,619,544,558,544,АВТО:
475,523,553,523,553,544,475,544,НОВЫХ
441,525,472,525,472,542,441,542,НА
319,521,437,521,437,543,319,543,ОБУЧЕНИЕ
456,500,544,500,544,522,456,522,ОПЛАТА
319,499,451,499,451,523,319,523,ПОЭТАПНАЯ
239,555,267,555,267,567,239,567,№2
230,546,283,546,283,554,230,554,ПАВИЛЬОН
673,461,697,461,697,486,673,486,D
614,458,664,458,664,489,614,489,D1,
580,460,606,460,606,489,580,489,C,
524,458,572,458,572,488,524,488,C1,
485,459,515,459,515,489,485,489,В,
429,460,475,460,475,489,429,489,B1,
390,461,419,461,419,488,390,488,А,
329,456,379,456,379,488,329,488,А1,
279,461,319,461,319,489,279,489,М,
597,437,716,437,716,458,597,458,КАТЕГОРИИ
564,437,592,437,592,457,564,457,НА
488,438,559,438,559,457,488,457,НАБОР
329,437,485,437,485,456,329,456,постоянный
255,436,323,436,323,459,255,459,ВЕДЕТ
306,297,635,297,635,429,306,429,ЛУЧ
947,775,989,775,989,786,947,786,ЛОМБАРД
3,761,64,761,64,783,3,783,РУЧИ
307,592,316,592,316,601,307,601,###
305,569,314,569,314,577,305,577,###
305,531,315,531,315,539,305,539,###
308,507,314,507,314,519,308,519,###
244,688,251,688,251,694,244,694,###
244,669,250,669,250,676,244,676,.
245,649,249,649,249,657,245,657,###
