369,1163,412,1163,412,1194,369,1194,СТО
416,1166,651,1166,651,1196,416,1196,27562252-003-2017
534,1121,692,1121,692,1151,534,1151,559007
308,1118,467,1118,467,1147,308,1147,600493
243,1117,267,1117,267,1146,243,1146,4
201,995,226,995,226,1018,201,1018,5
200,1044,235,1044,235,1067,200,1067,PP
163,1068,261,1068,261,1088,163,1088,материал
173,1085,251,1085,251,1101,173,1101,стакана
98,906,128,906,128,932,98,932,21
86,952,141,952,141,978,86,978,PAP
349,872,449,872,449,907,349,907,МАССА
456,872,555,872,555,910,456,910,НЕТТО:
563,873,621,873,621,910,563,910,230
629,874,653,874,653,912,629,912,Г.
783,868,887,868,887,966,783,966,EAC
278,825,333,825,333,854,278,854,ГОСТ
338,824,353,824,353,853,338,853,Р
359,825,404,825,404,853,359,853,ИСО
408,827,529,827,529,854,408,854,9001-2015
536,826,581,826,581,859,536,859,(ISO
587,827,724,827,724,860,587,860,9001:2015).
68,793,169,793,169,825,68,825,Система
174,800,342,800,342,826,174,826,менеджмента
348,800,451,800,451,823,348,823,качества
456,796,503,796,503,823,456,823,ОАО
507,796,600,796,600,821,507,821,"КАРАТ"
607,803,773,803,773,833,607,833,соответствует
775,796,934,796,934,833,775,833,требованиям
609,765,826,765,826,796,609,796,www.karatsc.ru
392,765,405,765,405,791,392,791,8
412,762,467,762,467,795,412,795,(495)
474,765,600,765,600,795,474,795,786-68-95,
187,765,336,765,336,797,187,797,обращаться:
338,770,387,770,387,792,338,792,тел.
32,734,117,734,117,766,32,766,Россия,
32,709,151,709,151,734,32,734,упаковки.
127,732,217,732,217,765,127,765,127254,
224,740,242,740,242,761,224,761,г.
251,734,345,734,345,764,251,764,Москва,
349,739,385,739,385,767,349,767,ул.
394,734,517,734,517,765,394,765,Руставели,
526,737,560,737,560,761,526,761,вл.
572,735,605,735,605,765,572,765,14,
613,739,661,739,661,768,613,768,стр.
667,736,704,736,704,762,667,762,11.
712,734,745,734,745,763,712,763,По
753,740,868,740,868,769,753,769,вопросам
874,739,976,739,976,764,874,764,качества
877,703,974,703,974,736,877,736,«КАРАТ»,
794,709,868,709,868,737,794,737,сыров
651,710,784,710,784,733,651,733,плавленых
572,710,642,710,642,735,572,735,завод
421,704,561,704,561,731,421,731,Московский
364,703,410,703,410,732,364,732,ОАО
162,705,353,705,353,732,162,732,Изготовитель:
35,679,155,679,155,707,35,707,упаковки.
160,673,216,673,216,704,160,704,Дата
220,677,389,677,389,705,220,705,производства,
45,644,221,644,221,671,45,671,относительной
237,649,366,649,366,672,237,672,влажности
53,612,178,612,178,645,53,645,продукта):
184,611,228,611,228,641,184,641,306
236,612,302,612,302,641,236,641,ккал/
307,611,362,611,362,640,307,640,1276
371,609,425,609,425,641,371,641,кДж.
63,578,88,578,88,612,63,612,(в
101,585,149,585,149,608,101,608,ТОМ
160,587,230,587,230,609,160,609,числе
243,586,351,586,351,617,243,617,сахароза
359,592,378,592,378,605,359,605,-
80,549,129,549,129,583,80,583,18,0
135,556,147,556,147,578,135,578,Г
153,548,176,548,176,581,153,581,(в
179,557,225,557,225,579,179,579,ТОМ
228,558,299,558,299,578,228,578,числе
98,519,222,519,222,549,98,549,Пищевая
231,527,355,527,355,552,231,552,ценность
383,581,431,581,431,612,383,612,24,9
447,579,470,579,470,610,447,610,г).
394,680,458,680,458,703,394,703,годен
464,677,491,677,491,702,464,702,до
382,650,474,650,474,675,382,675,воздуха
490,646,518,646,518,670,490,670,не
432,613,527,613,527,645,432,645,Хранить
302,553,424,553,424,579,302,579,молочный
428,557,477,557,477,586,428,586,жир
481,563,494,563,494,572,481,572,###
497,549,547,549,547,582,497,582,17,4
497,672,581,672,581,704,497,704,(число,
586,678,666,678,666,705,586,705,месяц,
669,672,728,672,728,703,669,703,год):
732,678,768,678,768,701,732,701,см.
775,677,801,677,801,699,775,699,на
806,671,905,671,905,701,806,701,боковой
908,678,972,678,972,701,908,701,части
536,641,604,641,604,669,536,669,более
620,639,672,639,672,669,620,669,85%
690,647,722,647,722,674,690,674,до
736,648,754,648,754,669,736,669,и
534,617,581,617,581,645,534,645,при
583,618,738,618,738,645,583,645,температуре
744,615,769,615,769,640,744,640,ОТ
778,611,836,611,836,640,778,640,+2°C
842,617,870,617,870,644,842,644,до
875,612,936,612,936,642,875,642,+8°C
938,617,959,617,959,638,938,638,И
769,647,842,647,842,670,769,670,после
855,649,962,649,962,673,855,673,вскрытия
843,579,869,579,869,613,843,613,(в
881,582,923,582,923,609,881,609,100
930,585,945,585,945,609,930,609,Г
706,587,830,587,830,613,706,613,ценность
483,581,693,581,693,616,483,616,Энергетическая
551,549,577,549,577,581,551,581,г);
581,550,653,550,653,578,581,578,белок
655,561,667,561,667,569,655,569,###
670,549,707,549,707,579,670,579,9,2
712,555,732,555,732,582,712,582,г;
734,555,849,555,849,583,734,583,углеводы
850,562,864,562,864,569,850,569,###
866,550,914,550,914,580,866,580,26,7
918,554,932,554,932,581,918,581,Г
845,525,893,525,893,553,845,553,жир
899,530,916,530,916,541,899,541,###
709,518,835,518,835,549,709,549,значения):
595,519,701,519,701,549,595,549,(средние
467,520,584,520,584,554,467,554,продукта)
445,525,461,525,461,547,445,547,Г
396,521,438,521,438,548,396,548,100
364,521,390,521,390,552,364,552,(в
119,487,181,487,181,521,119,521,E339;
204,493,314,493,314,521,204,521,желатин;
334,496,467,496,467,524,334,524,консервант
165,464,233,464,233,487,165,487,какао
239,466,352,466,352,493,239,493,порошок;
176,426,272,426,272,457,176,457,Состав:
288,433,339,433,339,464,288,464,сыр;
356,467,442,467,442,489,356,489,МОЛОКО
449,466,510,466,510,494,449,494,сухое
485,502,502,502,502,512,485,512,-
352,437,428,437,428,462,352,462,сахар;
437,435,511,435,511,457,437,457,масло
522,489,599,489,599,522,522,522,сорбат
618,492,702,492,702,520,618,520,калия;
517,458,695,458,695,492,517,492,обезжиренное;
722,492,890,492,890,523,722,523,ароматизатор.
699,464,832,464,832,491,699,491,эмульгатор
835,468,855,468,855,479,835,479,-
748,433,836,433,836,459,748,459,творог;
672,432,738,432,738,459,672,459,вода;
739,394,796,394,796,425,739,425,30%.
524,434,656,434,656,457,524,457,сливочное;
611,402,723,402,723,426,611,426,веществе
523,402,595,402,595,430,523,430,сухом
495,404,509,404,509,427,495,427,в
412,405,476,405,476,434,412,434,жира
339,404,401,404,401,432,339,432,доля
213,396,328,396,328,430,213,430,Массовая
279,353,508,353,508,396,279,396,«ШОКОЛАДНЫЙ
515,351,713,351,713,400,515,400,ДЕСЕРТНЫЙ».
438,307,630,307,630,352,438,352,ПЛАВЛЕНЫЙ
365,312,432,312,432,351,365,351,СЫР
