253,762,364,762,364,788,253,788,телеком
321,808,352,808,352,857,321,857,3
355,821,386,821,386,854,355,854,+
385,810,410,810,410,862,385,862,1
314,861,353,861,353,877,314,877,Оплати
353,859,364,859,364,878,353,878,3
364,863,407,863,407,879,364,879,продукта
310,878,349,878,349,892,310,892,получи
348,879,369,879,369,894,348,894,4-й
367,881,377,881,377,893,367,893,###
378,878,427,878,427,894,378,894,ПОДАРОК!
598,840,636,840,636,871,598,871,###
875,907,918,907,918,933,875,933,Эко
877,927,944,927,944,955,877,955,Лавка
645,847,676,847,676,878,645,878,###
546,445,734,445,734,486,546,486,натуральная
741,423,915,423,915,467,741,467,косметика
508,269,990,269,990,456,508,456,Лавка
202,349,423,349,423,502,202,502,Эко
696,950,775,950,775,976,696,976,###
