882,622,914,622,914,696,882,696,МОРЯ
843,500,887,500,887,696,843,696,РЕЛИКТОВОГО
813,455,849,455,849,658,813,658,ПОДЗЕМНОГО
807,663,837,663,837,697,807,697,из
848,234,906,234,906,332,848,332,0,618л
597,545,641,545,641,691,597,691,ЧИСТАЯ
603,296,643,296,643,530,603,530,ПРИРОДНАЯ
593,211,632,211,632,285,593,285,ВОДА
688,218,764,218,764,574,688,574,ГАЗИРОВАННАЯ
722,855,824,855,824,872,722,872,000099
601,858,711,858,711,882,601,882,233750
329,777,382,777,382,888,329,888,0,515
342,728,380,728,380,764,342,764,л
344,674,380,674,380,714,344,714,+
332,503,389,503,389,657,332,657,20%
333,140,393,140,393,481,333,481,БЕСПЛАТНО
446,194,599,194,599,881,446,881,AQUANIKA
641,157,672,157,672,200,641,200,Источник
672,191,695,191,695,204,672,204,№
662,161,691,161,691,190,662,190,0618с
699,198,717,198,717,207,699,207,###
681,157,717,157,717,196,681,196,кулеба
708,169,742,169,742,209,708,209,Хранить
736,181,762,181,762,211,736,211,месте
768,204,782,204,782,213,768,213,###
767,170,805,170,805,215,767,215,Вскрытую
805,201,825,201,825,218,805,218,3-х
790,177,818,177,818,199,790,199,суток
807,174,847,174,847,221,807,221,Содержит
841,194,870,194,870,221,841,221,Даты
849,179,890,179,890,223,849,223,нанесены
458,126,495,126,495,181,458,181,###
503,156,542,156,542,190,503,190,ВОДА
537,143,582,143,582,193,537,193,СТОЛОВАЯ
571,138,621,138,621,198,571,198,КАЛЬЦИЕВАЯ
625,183,649,183,649,202,625,202,ТУ
613,146,645,146,645,183,613,183,9185-004
