939,1155,964,1155,964,1214,939,1214,ISSN
927,1042,953,1042,953,1144,927,1144,1817-4582
980,1048,1000,1048,1000,1119,980,1119,###
926,954,951,954,951,1024,926,1024,18003
910,1163,921,1163,921,1175,910,1175,D:
905,1144,919,1144,919,1158,905,1158,6€;
920,1142,931,1142,931,1162,920,1162,CH:
918,1127,926,1127,926,1138,918,1138,11
893,1043,915,1043,915,1138,893,1138,A/B/E/GR/NL/I/L;
915,1099,926,1099,926,1126,915,1126,CHF:
910,1083,923,1083,923,1098,910,1098,CZ:
905,1058,920,1058,920,1078,905,1078,199
903,1034,916,1034,916,1057,903,1057,CZK;
901,1017,914,1017,914,1031,901,1031,SK:
896,989,911,989,911,1014,896,1014,7,1€
889,1017,903,1017,903,1041,889,1041,6,5€
885,996,898,996,898,1013,885,1013,CY:
883,974,895,974,895,994,883,994,6€;
711,1192,875,1192,875,1212,711,1212,психотерапии
707,1161,812,1161,812,1184,707,1184,избегать
736,1142,830,1142,830,1162,736,1162,поводов
715,1137,731,1137,731,1160,715,1160,6
702,1110,791,1110,791,1128,702,1128,чувства
703,1078,819,1078,819,1105,703,1105,обостряют
702,1059,795,1059,795,1079,702,1079,которые
709,1031,780,1031,780,1056,709,1056,Стихи,
694,989,815,989,815,1015,694,1015,РЕСУРСЫ
279,1117,634,1117,634,1234,279,1234,БУДУЩЕЕ
72,1118,260,1118,260,1218,72,1218,СВОЕ
43,1002,447,1002,447,1096,43,1096,ПОСТРОИТЬ
40,910,178,910,178,972,40,972,ДОСЬЕ
765,870,924,870,924,897,765,897,зависимость"
774,843,907,843,907,867,774,867,химическую
784,806,890,806,890,833,784,833,победить
819,777,905,777,905,805,819,805,удалось
758,774,811,774,811,800,758,800,"Мне
759,744,894,744,894,773,759,773,ИСТОРИЯ
791,716,852,716,852,743,791,743,МОЯ
198,842,303,842,303,866,198,866,завидуем
157,846,192,846,192,866,157,866,мы
72,838,151,838,151,869,72,869,Почему
65,806,266,806,266,836,65,836,САМОАНАЛИЗ
83,743,251,743,251,775,83,775,влюбленный?"
230,723,259,723,259,744,230,744,вы
151,715,225,715,225,743,151,743,"Какой
89,716,143,716,143,745,89,745,Тест:
113,688,223,688,223,711,113,711,женщинах
92,688,105,688,105,706,92,706,0
232,661,297,661,297,679,232,679,знают
205,661,229,661,229,678,205,678,не
99,659,200,659,200,683,99,683,мужчины
180,630,225,630,225,651,180,651,Чего
103,628,173,628,173,653,103,653,Тайны:
97,587,177,587,177,617,97,617,ПАРА
118,523,206,523,206,547,118,547,другим"
181,502,247,502,247,523,181,523,кем-то
120,505,176,505,176,521,120,521,стать
143,480,216,480,216,502,143,502,решила
126,480,138,480,138,495,126,495,и
159,459,280,459,280,480,159,480,разозлилась
131,451,156,451,156,471,131,471,"Я
265,409,394,409,394,455,265,455,Крюгер
137,407,250,407,250,448,137,448,Диана
129,362,244,362,244,408,129,408,ДИВАН
139,235,171,235,171,335,139,335,ПСИХОЛОГИЯ
165,232,871,232,871,338,165,338,PSYCHOLOGIES
162,217,190,217,190,230,162,230,###
504,214,533,214,533,228,504,228,2018
460,212,499,212,499,227,460,227,МАРТ
