257,751,353,751,353,771,257,771,###
621,733,704,733,704,769,621,769,Gallery
1005,703,1126,703,1126,728,1005,728,+7(861)224-91-84
898,652,1119,652,1119,690,898,690,www.gallerymedia.ru
923,557,1095,557,1095,626,923,626,Gallery
905,502,954,502,954,525,905,525,(918)
906,465,955,465,955,491,906,491,(861)
960,453,1056,453,1056,482,960,482,224-91-84
959,489,1059,489,1059,519,959,519,433-62-62
906,414,1017,414,1017,451,906,451,ГОРОДА
932,375,1072,375,1072,414,932,414,ФОРМАТЕ
905,391,929,391,929,416,905,416,B
909,345,1043,345,1043,383,909,383,РЕКЛАМА
911,311,1000,311,1000,341,911,341,РОССИИ
962,277,1059,277,1059,309,962,309,ГОРОДАХ
931,290,957,290,957,312,931,312,30
912,294,928,294,928,313,912,313,B
987,253,1037,253,1037,279,987,279,ЧЕМ
912,261,984,261,984,288,912,288,БОЛЕЕ
915,221,1071,221,1071,263,915,263,ПОВЕРХНОСТИ
914,199,1053,199,1053,238,914,238,РЕКЛАМНЫЕ
345,378,853,378,853,570,345,570,Gallery
426,685,454,685,454,709,426,709,###
592,627,609,627,609,647,592,647,###
