413,1279,489,1279,489,1306,413,1306,жагу
491,1270,589,1270,589,1303,491,1303,керек.
224,1286,296,1286,296,1332,224,1332,СКЛАД
594,1276,720,1276,720,1332,594,1332,REDIENTS
720,1267,730,1267,730,1289,720,1289,/
733,1265,762,1265,762,1297,733,1297,###
735,1234,768,1234,768,1283,735,1283,###
737,1130,779,1130,779,1173,737,1173,bilan
687,1079,778,1079,778,1134,687,1134,легкими
608,1117,683,1117,683,1155,608,1155,шкiру
564,1135,599,1135,599,1160,564,1160,на
533,1158,645,1158,645,1202,533,1202,рухами.
616,1153,734,1153,734,1217,616,1217,harakatlar
662,1136,797,1136,797,1235,662,1235,кимылдарым
532,1219,656,1219,656,1266,532,1266,###
434,1242,527,1242,527,1271,434,1271,###
342,1239,428,1239,428,1272,342,1272,tepire
472,1196,609,1196,609,1241,472,1241,uqalovchi
374,1209,464,1209,464,1241,374,1241,yengil
281,1192,367,1192,367,1234,281,1234,Teriga
345,1177,527,1177,527,1204,345,1204,масажними
408,1141,555,1141,555,1170,408,1170,наносити
203,1109,401,1109,401,1171,203,1171,Застосування:
188,1152,277,1152,277,1215,188,1215,###
164,1157,334,1157,334,1259,164,1259,###
399,1061,591,1061,591,1102,399,1102,движениями.
672,961,821,961,821,1035,672,1035,массирующими
551,1016,667,1016,667,1054,551,1054,легкими
470,1032,549,1032,549,1061,470,1061,кожу
425,1036,463,1036,463,1061,425,1061,на
284,1032,420,1032,420,1062,284,1062,наносить
145,990,276,990,276,1054,145,1054,применение:
577,939,730,939,730,982,577,982,эпидермис.
433,960,570,960,570,991,433,991,смягчает
403,967,428,967,428,992,403,992,и
239,960,399,960,399,992,239,992,увлажняет
136,876,198,876,198,914,136,914,кожи,
205,885,394,885,394,920,205,920,обеспечивая
147,906,302,906,302,954,147,954,Витаминный
306,932,458,932,458,957,306,957,комплекс
462,923,508,923,508,959,462,959,(А,
514,921,544,921,544,953,514,953,E,
551,918,580,918,580,949,551,949,F,
588,914,638,914,638,944,588,944,В5)
715,852,820,852,820,896,715,896,лифтинга.
588,875,709,875,709,913,588,913,эффект
643,884,811,884,811,947,643,947,регенерирует,
399,884,582,884,582,927,399,927,длительный
786,805,851,805,851,849,786,849,старен
774,777,854,777,854,820,774,820,морщины
675,831,782,831,782,870,675,870,процесс
464,840,670,840,670,883,464,883,естественный
184,853,455,853,455,884,184,884,приостанавливает
132,811,198,811,198,841,132,841,день.
105,829,178,829,178,875,105,875,Line
98,800,132,800,132,833,98,833,###
201,812,346,812,346,846,201,846,Активный
351,818,522,818,522,849,351,849,компонент
530,795,769,795,769,844,530,844,разглаживающий
838,746,856,746,856,771,838,771,на
746,749,837,749,837,791,746,791,матовой
582,768,741,768,741,802,582,802,становится
491,775,574,775,574,805,491,805,Кожа
403,783,484,783,484,813,403,813,лица.
321,785,394,785,394,814,321,814,цвет
150,780,315,780,315,810,150,810,выравнивая
95,769,146,769,146,805,95,805,###
760,714,864,714,864,755,760,755,недостатки
707,733,754,733,754,759,707,759,все
485,735,703,735,703,773,485,773,корректируют
330,744,480,744,480,776,330,776,пигменты
83,738,323,738,323,780,83,780,Светоотражающие
158,709,403,709,403,741,158,741,искусственного
409,703,572,703,572,735,409,735,«эффекта
576,701,679,701,679,730,576,730,маски»
685,697,720,697,720,726,685,726,на
724,694,795,694,795,722,724,722,лице.
756,652,858,652,858,685,756,685,создавая
715,661,751,661,751,686,715,686,не
516,662,708,662,708,695,516,695,впитывается,
418,669,509,669,509,698,418,698,легко
390,672,413,672,413,698,390,698,и
215,672,385,672,385,701,215,701,мгновенно
89,671,211,671,211,704,89,704,средство
827,617,869,617,869,644,827,644,тона
692,620,821,620,821,655,692,655,формуле
337,622,688,622,688,667,337,667,усовершенствованной
236,630,334,630,334,664,236,664,новой
207,638,230,638,230,664,207,664,и
76,633,203,633,203,664,76,664,силиконов
61,598,161,598,161,634,61,634,кашемир.
169,593,339,593,339,628,169,628,Благодаря
341,594,550,594,550,629,341,629,содержанию
554,586,758,586,758,623,554,623,сферических
761,582,881,582,881,613,761,613,полимеров,
822,549,862,549,862,574,822,574,как
625,546,816,546,816,582,625,582,бархатистой,
583,554,622,554,622,580,583,580,ее
481,554,577,554,577,587,481,587,делая
381,555,475,555,475,588,381,588,коже.
337,557,375,557,375,586,337,586,на
254,557,327,557,327,587,254,587,тает
81,554,243,554,243,592,81,592,формулой,
770,510,883,510,883,544,770,544,пудровой
581,508,764,508,764,546,581,546,сверхлегкой
391,509,575,509,575,550,391,550,уникальной
174,512,390,512,390,552,174,552,обладающий
56,515,168,515,168,551,56,551,ЭФФЕКТ.
89,481,215,481,215,512,89,512,Новинка
219,479,262,479,262,509,219,509,от
272,475,415,475,415,509,272,509,«Эвелин»
419,484,444,484,444,498,419,498,###
447,473,613,473,613,507,447,507,тональный
618,475,698,475,698,507,618,507,крем
704,467,853,467,853,503,704,503,КАШЕМИР
639,390,752,390,752,426,639,426,кожи.
440,395,631,395,631,434,440,434,аллергии
406,395,433,395,433,430,406,430,К
191,390,397,390,397,432,191,432,склонной
374,352,448,352,448,391,374,391,для
40,349,362,349,362,392,40,392,Рекомендуется
307,299,644,299,644,348,307,348,Гипоаллергенен.
463,349,887,349,887,392,463,392,сверхчувствительной,
249,102,439,102,439,175,249,175,2906
454,115,651,115,651,178,454,178,2019
177,1235,214,1235,214,1291,177,1291,###
200,1283,271,1283,271,1332,200,1332,СКЛА
679,1291,729,1291,729,1331,679,1331,Stearic
1000,763,1000,763,1000,1019,1000,1019,###
