280,1070,295,1070,295,1083,280,1083,С/
297,1070,328,1070,328,1085,297,1085,LDPE
292,1044,309,1044,309,1057,292,1057,93
625,1042,642,1042,642,1064,625,1064,4
659,1036,781,1036,781,1065,659,1065,603556
795,1023,904,1023,904,1056,795,1056,005275
141,1018,194,1018,194,1073,141,1073,EAC
135,988,160,988,160,1009,135,1009,ТР
165,988,189,988,189,1010,165,1010,ТС
195,987,299,987,299,1015,195,1015,009/2011
137,961,162,961,162,983,137,983,ТУ
167,961,505,961,505,993,167,993,20.42.19-001-51276525-2004
138,934,185,934,185,961,138,961,Дата
191,941,341,941,341,965,191,965,изготовления,
345,947,417,947,417,970,345,970,номер
422,945,511,945,511,970,422,970,партии:
516,944,550,944,550,963,516,963,см.
555,943,581,943,581,964,555,964,на
586,942,629,942,629,960,586,960,шве
139,910,261,910,261,936,139,936,Количество:
265,915,277,915,277,936,265,936,1
283,920,317,920,317,937,283,937,шт.
138,883,187,883,187,909,138,909,Срок
191,891,295,891,295,911,191,911,годности:
300,890,328,890,328,912,300,912,12
332,895,424,895,424,915,332,915,месяцев
429,890,442,890,442,912,429,912,c
446,892,499,892,499,914,446,914,даты
505,888,653,888,653,909,505,909,изготовления
920,778,975,778,975,916,920,916,0419
909,567,970,567,970,742,909,742,12666
168,857,262,857,262,881,168,881,избегать
267,864,386,864,386,885,267,885,попадания
392,864,479,864,479,885,392,885,прямых
487,861,605,861,605,879,487,879,солнечных
611,853,681,853,681,882,611,882,лучей.
167,830,257,830,257,854,167,854,Условия
267,838,385,838,385,860,267,860,хранения:
395,834,486,834,486,858,395,858,хранить
497,832,537,832,537,857,497,857,при
169,807,303,807,303,828,169,828,недоступном
309,807,350,807,350,829,309,829,для
354,799,421,799,421,828,354,828,детей
426,802,497,802,497,823,426,823,месте.
169,780,305,780,305,802,169,802,применения.
318,773,361,773,361,802,318,802,При
371,777,495,777,495,797,371,797,попадании
505,775,519,775,519,794,505,794,в
170,748,229,748,229,775,170,775,Меры
238,751,462,751,462,775,238,775,предосторожности:
168,719,288,719,288,745,168,745,Малаховка,
293,722,327,722,327,748,293,748,ул.
335,716,466,716,466,742,335,742,Шоссейная,
471,715,532,715,532,743,471,743,д.40.
167,694,230,694,230,719,167,719,Адрес
234,696,398,696,398,719,234,719,производства:
404,690,486,690,486,713,404,713,Россия,
165,667,213,667,213,689,165,689,Тел.:
220,668,234,668,234,689,220,689,8
242,665,301,665,301,693,242,693,(495)
310,664,431,664,431,686,310,686,660-18-00.
166,641,244,641,244,664,166,664,Россия,
250,641,341,641,341,663,250,663,111524,
346,643,365,643,365,661,346,661,г.
372,639,458,639,458,662,372,662,Москва,
463,643,496,643,496,665,463,665,ул.
164,615,347,615,347,640,164,640,Производитель,
353,617,426,617,426,640,353,640,прием
431,611,555,611,555,638,431,638,претензий:
164,585,303,585,303,613,164,613,Используйте
310,589,336,589,336,608,310,608,по
341,589,483,589,483,607,341,607,назначению.
163,556,244,556,244,582,163,582,Способ
255,562,403,562,403,584,255,584,применения:
417,555,519,555,519,585,417,585,вскройте
162,533,273,533,273,552,162,552,лимонная
278,533,371,533,371,554,278,554,кислота,
164,508,278,508,278,530,164,530,натриевая
290,509,338,509,338,528,290,528,соль
347,501,523,501,523,528,347,528,метилпарабена,
378,526,573,526,573,551,378,551,бензилсалицилат,
166,482,365,482,365,505,166,505,пропиленгликоль,
167,455,245,455,245,478,167,478,ПЭГ-40
167,430,241,430,241,453,167,453,Состав
168,407,347,407,347,431,168,431,пропитывающая
169,381,242,381,242,402,169,402,Состав
172,357,253,357,253,382,172,382,Создает
270,380,382,380,382,406,270,406,салфетки:
260,361,370,361,370,384,260,384,ощущение
172,335,265,335,265,358,172,358,Влажная
271,336,369,336,369,359,271,359,салфетка
372,334,410,334,410,355,372,355,для
174,294,367,294,367,326,174,326,ВЛАЖНАЯ
380,291,574,291,574,330,380,330,САЛФЕТКА
417,332,572,332,572,356,417,356,гигиенической
545,831,686,831,686,854,545,854,температуре
696,828,722,828,722,848,696,848,от
729,823,779,823,779,847,729,847,+5°C
785,828,813,828,813,848,785,848,до
818,826,836,826,836,843,818,843,+
841,819,888,819,888,845,841,845,25°C,
528,774,587,774,587,794,528,794,глаза
597,774,692,774,692,796,597,796,промыть
703,767,776,767,776,794,703,794,водой.
784,765,865,765,865,793,784,793,Хранить
871,769,883,769,883,788,871,788,В
779,745,882,745,882,768,779,768,наружного
731,746,770,746,770,768,731,768,для
647,747,722,747,722,766,647,766,только
471,749,633,749,633,772,471,772,предназначена
492,690,580,690,580,714,492,714,140032,
596,688,634,688,634,713,596,713,МО,
641,687,779,687,779,713,641,713,Люберецкий
786,689,838,689,838,712,786,712,р-он,
842,688,881,688,881,709,842,709,пос.
438,663,617,663,617,689,438,689,www.aseptica.ru
501,635,649,635,649,662,501,662,Электродная,
653,639,675,639,675,661,653,661,д.
680,636,703,636,703,659,680,659,9,
707,639,749,639,749,664,707,664,стр.
754,635,776,635,776,661,754,661,3,
780,639,827,639,827,658,780,658,пом.
830,636,850,636,850,657,830,657,2.
561,609,607,609,607,634,561,634,000
613,609,673,609,673,634,613,634,«М.К.
678,606,798,606,798,634,678,634,Асептика»,
525,560,633,560,633,582,525,582,упаковку,
647,559,769,559,769,581,647,581,разверните
780,558,872,558,872,587,780,587,салфетку.
577,530,688,530,688,552,577,552,линалоол,
693,530,808,530,808,553,693,553,триклозан.
533,505,764,505,764,527,533,527,метилизотиазолинон,
771,502,871,502,871,532,771,532,бронопол,
467,481,526,481,526,499,467,499,мяты,
369,480,462,480,462,504,369,504,экстракт
533,479,628,479,628,503,533,503,отдушка,
631,481,766,481,766,504,631,504,динатриевая
770,483,814,483,814,503,770,503,соль
816,482,870,482,870,508,816,508,EDTA,
770,460,869,460,869,482,770,482,глицерин,
679,457,747,457,747,478,679,478,масло,
705,437,865,437,865,461,705,461,децилглюкозид,
534,454,655,454,655,476,534,476,касторовое
629,433,687,433,687,454,629,454,вода,
269,456,511,456,511,481,269,481,гидрогенизированное
261,425,448,425,448,455,261,455,пропитывающей
469,431,611,431,611,452,469,452,композиции:
353,403,490,403,490,424,353,424,композиция.
412,378,517,378,517,400,412,400,нетканый
376,355,474,355,474,376,376,376,свежести
478,353,493,353,493,373,478,373,и
498,355,607,355,607,381,498,381,комфорта.
541,383,736,383,736,406,541,406,текстилеподобный
759,394,860,394,860,416,759,416,материал,
577,332,684,332,684,362,577,362,обработки
689,344,741,344,741,364,689,364,кожи
745,347,781,347,781,369,745,369,рук
784,348,798,348,798,365,784,365,и
801,347,856,347,856,369,801,369,лица.
587,296,855,296,855,345,587,345,ОСВЕЖАЮЩАЯ
