1269,879,1290,879,1290,899,1269,899,###
1228,882,1260,882,1260,900,1228,900,стр.
1196,880,1220,880,1220,899,1196,899,20,
1174,883,1187,883,1187,899,1174,899,л.
1088,880,1166,880,1166,897,1088,897,Кулакова,
1031,884,1078,884,1078,900,1031,900,улица
956,880,1021,880,1021,900,956,900,Москва,
934,883,947,883,947,898,934,898,г.
862,879,926,879,926,899,862,899,123592,
804,884,855,884,855,898,804,898,адрес:
680,882,798,882,798,900,680,900,Юридический
1188,805,1211,805,1211,843,1188,843,2
1122,812,1159,812,1159,845,1122,845,д.
854,804,1099,804,1099,847,854,847,Новосёлки,
763,813,826,813,826,855,763,855,ул.
888,752,1150,752,1150,800,888,800,Ивантеевка,
824,761,860,761,860,794,824,794,г.
947,701,1172,701,1172,744,947,744,"Вкусвилл"
805,705,920,705,920,744,805,744,ООО
1076,634,1306,634,1306,668,1076,668,ВЫХОДНЫХ
1020,632,1052,632,1052,662,1020,662,и
776,632,998,632,998,676,776,676,перерыва
673,620,750,620,750,664,673,664,без
1133,532,1310,532,1310,616,1133,616,###
950,548,1070,548,1070,612,950,612,до
779,531,904,531,904,609,779,609,###
672,547,726,547,726,608,672,608,С
854,444,1309,444,1309,500,854,500,ежедневно
670,443,806,443,806,497,670,497,вас
904,363,1318,363,1318,431,904,431,накормить
671,347,855,347,855,407,671,407,Рады
922,287,1068,287,1068,308,922,308,питания
955,249,1115,249,1115,282,955,282,здорового
871,244,941,244,941,275,871,275,Для
844,171,1143,171,1143,239,844,239,ВкусВилл
