501,762,814,762,814,803,501,803,8-922-568-45-86
181,765,485,765,485,808,181,808,8-908-914-70-59,
173,690,221,690,221,723,173,723,По
230,696,380,696,380,729,230,729,вопросам
389,683,503,683,503,723,389,723,обмена
508,690,645,690,645,721,508,721,звонить
650,687,690,687,690,718,650,718,no
698,688,784,688,784,720,698,720,тел:
171,612,303,612,303,655,171,655,Условие:
311,610,445,610,445,650,311,650,Игрушки
449,608,579,608,579,648,449,648,должны
582,611,669,611,669,648,582,648,быть
676,611,802,611,802,646,676,646,новыми
733,527,792,527,792,565,733,565,см)
692,525,729,525,729,565,692,565,30
747,423,811,423,811,459,747,459,на
581,415,739,415,739,468,581,468,штук)
515,414,576,414,576,468,515,468,12
418,418,507,418,507,479,418,479,(от
202,427,400,427,400,478,202,478,игрушки
339,512,657,512,657,566,339,566,БОЛЬШУЮ
665,527,685,527,685,564,665,564,(
227,522,331,522,331,577,227,577,одну
573,328,832,328,832,370,573,370,маленькие
430,323,562,323,562,373,430,373,Ваши
172,324,419,324,419,379,172,379,Обменяем
319,202,675,202,675,279,319,279,Внимание!
