653,1162,674,1162,674,1181,653,1181,губы
627,1165,650,1165,650,1181,627,1181,###
611,1165,624,1165,624,1182,611,1182,###
549,1166,609,1166,609,1185,549,1185,###
495,1166,547,1166,547,1185,495,1185,партий
338,1162,435,1162,435,1184,338,1184,изготовленн
315,1158,335,1158,335,1180,315,1180,###
407,1139,484,1139,484,1163,407,1163,24
338,1142,392,1142,392,1159,338,1159,годности
395,1146,403,1146,403,1153,395,1153,###
311,1138,336,1138,336,1155,311,1155,Срок
535,1118,583,1118,583,1140,535,1140,+25°C,
511,1122,531,1122,531,1140,511,1140,до
499,1121,508,1121,508,1137,499,1137,0
480,1121,495,1121,495,1135,480,1135,от
383,1122,476,1122,476,1137,383,1137,температура
357,1123,379,1123,379,1139,357,1139,при
311,1119,355,1119,355,1138,311,1138,Хренить
667,1121,678,1121,678,1140,667,1140,4
673,974,690,974,690,1107,673,1107,640020
672,832,695,832,695,959,672,959,870342
348,1074,443,1074,443,1099,348,1099,31460-2012
313,1074,346,1074,346,1099,313,1099,ГОСТ
381,1040,410,1040,410,1061,381,1061,9001
358,1041,378,1041,378,1059,358,1059,ISO
327,1042,354,1042,354,1060,327,1060,ГОСТ
314,1047,323,1047,323,1060,314,1060,по
339,1022,446,1022,446,1038,339,1038,сертифицирована
315,1018,335,1018,335,1038,315,1038,СМК
409,984,444,984,444,1009,409,1009,мл
368,976,399,976,399,1006,368,1006,75
312,984,365,984,365,1009,312,1009,Объём:
451,980,503,980,503,1030,451,1030,EAC
520,1026,563,1026,563,1041,520,1041,C/LOPE
306,942,438,942,438,962,306,962,www.vita-samara.ru
510,916,574,916,574,943,510,943,790-780,
493,918,506,918,506,940,493,940,2
448,918,489,918,489,941,448,941,(846)
371,922,443,922,443,942,371,942,тел./факс:
350,919,364,919,364,940,350,940,7,
323,924,346,924,346,944,323,944,оф.
306,926,319,926,319,943,306,943,А,
547,898,575,898,575,919,547,919,106
527,902,543,902,543,919,527,919,д.
400,900,526,900,526,920,400,920,Галактионовская,
376,902,396,902,396,921,376,921,ул.
318,904,374,904,374,920,318,920,Самара,
306,909,315,909,315,922,306,922,г.
512,879,572,879,572,898,512,898,443001,
451,879,505,879,505,901,451,901,Россия,
395,881,442,881,442,898,395,898,Лайн",
345,883,386,883,386,899,345,899,"Вита
308,885,337,885,337,900,308,900,000
503,864,572,864,572,879,503,879,отзывы:
483,866,493,866,493,878,483,878,И
384,866,474,866,474,879,384,879,претензии
308,862,378,862,378,885,308,885,мающей
507,846,572,846,572,866,507,866,прини-
407,846,500,846,500,862,407,862,компании,
339,846,397,846,397,863,339,863,заказу
308,846,329,846,329,862,308,862,По
379,827,403,827,403,842,379,842,311
339,830,376,830,376,841,339,841,корп.
323,826,335,826,335,848,323,848,7,
308,831,321,831,321,847,308,847,д.
491,807,570,807,570,826,491,826,Пожарный,
451,810,484,810,484,824,451,824,пер.
331,809,443,809,443,828,331,828,Кирово-Чепецк,
310,812,320,812,320,826,310,826,г.
533,790,571,790,571,808,533,808,обл.,
447,790,522,790,522,807,447,807,Кировская
379,790,437,790,437,808,379,808,613040,
310,789,367,789,367,806,310,806,Россия,
474,770,571,770,571,790,474,790,###
433,770,462,770,462,789,433,789,ООО
313,770,426,770,426,789,313,789,Изготовитель:
518,722,593,722,593,737,518,737,продукта.
411,724,513,724,513,736,411,736,компонентов
517,706,658,706,658,720,517,720,непереносимости
383,705,513,705,513,724,383,724,индивидуальной
351,711,379,711,379,723,351,723,при
561,690,676,690,676,705,561,705,рекомендуется
535,690,555,690,555,706,535,706,не
380,692,533,692,533,707,380,707,предосторожности:
331,692,375,692,375,707,331,707,Меры
536,674,603,674,603,692,536,692,ребёнка.
496,675,531,675,531,692,496,692,кожу
402,676,489,676,489,691,402,691,очищенную
531,656,658,656,658,673,531,673,предварительно
509,661,526,661,526,675,509,675,на
401,661,504,661,504,677,401,677,распределить
348,664,395,664,395,676,348,676,крема
587,640,673,640,673,657,587,657,количество
499,644,581,644,581,657,499,657,небольшое
392,645,494,645,494,660,392,660,применения:
332,646,387,646,387,658,332,658,Способ
344,603,506,603,506,623,344,623,МЕТИЛИЗОТИАЗОЛИНОН.
322,604,341,604,341,621,322,621,(И)
571,583,687,583,687,607,571,607,ФЕНОКСИЭТАНОЛ
472,588,564,588,564,605,472,605,КСАНТАНОВАЯ,
415,591,466,591,466,604,415,604,КАМЕДЬ
323,591,407,591,407,604,323,604,Д-ПАНТЕНОЛ,
611,569,683,569,683,587,611,587,РОМАШКИ,
542,571,605,571,605,589,542,589,ЭКСТРАКТ
456,574,533,574,533,588,456,588,ПЧЕЛИНЫЙ,
415,575,449,575,449,588,415,588,ВОСК
323,575,406,575,406,591,323,591,КОКОСОВОЕ,
632,552,685,552,685,571,632,571,МАСЛО
463,554,622,554,622,574,463,574,ЭТИЛГЕКСИЛСТЕАРАТ,
323,559,451,559,451,576,323,576,ЭМУЛЬСИОННЫЙ,
649,535,683,535,683,553,649,553,ВОСК
547,539,643,539,643,555,547,555,ВАЗЕЛИНОВОЕ,
497,540,545,540,545,556,497,556,МАСЛО
427,543,495,543,495,559,427,559,ПИТЬЕВАЯ,
390,543,423,543,423,559,390,559,ВОДА
323,543,385,543,385,557,323,557,СОСТАВ:
423,479,581,479,581,501,423,501,повреждений.
614,453,645,453,645,472,614,472,от
468,450,604,450,604,477,468,477,предохраняя
356,450,460,450,460,480,356,480,функцию,
519,429,639,429,639,456,519,456,защитную
487,431,512,431,512,451,487,451,её
358,431,481,431,481,450,358,450,повышает
591,409,653,409,653,429,591,429,кожи,
459,408,584,408,584,428,459,428,шелушение
442,413,452,413,452,428,442,428,u
346,408,433,408,433,430,346,430,сухость
508,389,634,389,634,407,508,407,устраняет
364,382,502,382,502,407,364,407,Д-пантенол
432,353,585,353,585,376,432,376,Д-пантенолу.
411,356,425,356,425,371,411,371,и
583,326,652,326,652,351,583,351,маслу
450,333,578,333,578,353,450,353,кокосовому
367,330,444,330,444,353,367,353,состав
345,328,359,328,359,343,345,343,в
551,302,663,302,663,327,551,327,входящим
532,313,544,313,544,327,532,327,u
417,315,526,315,526,331,417,331,текстуре
335,308,412,308,412,325,335,325,мягкой
520,282,635,282,635,307,520,307,благодаря
424,289,515,289,515,309,424,309,малыша
366,287,418,287,418,309,366,309,кожу
568,262,653,262,653,285,568,285,нежную
475,270,561,270,561,292,475,292,питает
456,272,467,272,467,289,456,289,u
344,258,447,258,447,287,344,287,Смягчает
415,211,606,211,606,253,415,253,Д-ПАНТЕНОЛОМ
391,219,410,219,410,240,391,240,c
453,187,599,187,599,223,453,223,младенцев
399,200,444,200,444,218,399,218,для
485,158,585,158,585,199,485,199,детский
411,170,479,170,479,196,411,196,Крем
