818,1286,887,1286,887,1330,818,1330,Glycerin.
727,1257,889,1257,889,1326,727,1326,###
535,1312,714,1312,714,1331,535,1331,увлажнение.
357,1309,523,1309,523,1331,357,1331,мгновенное
242,1295,344,1295,344,1327,242,1327,Vitanica
156,1305,216,1305,216,1331,156,1331,Water
100,1274,146,1274,146,1321,100,1321,(INCI):
191,1290,232,1290,232,1315,191,1315,рук
144,1276,182,1276,182,1302,144,1302,для
98,1248,136,1248,136,1285,98,1285,Крем
152,1238,396,1238,396,1290,152,1290,необходимости.
96,1212,147,1212,147,1252,96,1252,мере
874,1184,895,1184,895,1214,874,1214,по
708,1197,868,1197,868,1252,708,1252,ежедневно
643,1226,699,1226,699,1262,643,1262,рук
552,1230,635,1230,635,1263,552,1263,кожу
348,1225,544,1225,544,1262,348,1262,очищенную
299,1225,339,1225,339,1246,299,1246,на
215,1214,292,1214,292,1244,215,1244,крем
92,1178,200,1178,200,1232,92,1232,нанесите
721,1150,898,1150,898,1216,721,1216,ДВИЖЕНИЯМИ
455,1187,701,1187,701,1217,455,1217,массажными
292,1182,432,1182,432,1213,292,1213,легкими
88,1140,272,1140,272,1204,88,1204,Применение:
788,1114,858,1114,858,1145,788,1145,кожи
541,1127,776,1127,776,1158,541,1158,регенерацию
359,1125,532,1125,532,1157,359,1157,усиливает
176,1114,350,1114,350,1151,176,1151,действием,
599,1070,880,1070,880,1118,599,1118,разглаживающим
426,1078,591,1078,591,1114,426,1114,обладает
381,1080,416,1080,416,1111,381,1111,B5
174,1072,368,1072,368,1109,174,1109,Провитамин
172,1026,335,1026,335,1058,172,1058,увлажняет
844,989,863,989,863,1010,844,1010,И
675,990,836,990,836,1020,675,1020,освежает
465,994,664,994,664,1026,465,1026,тонизирует,
332,987,456,987,456,1018,332,1018,Лотоса
174,982,322,982,322,1021,174,1021,Экстракт
553,942,612,942,612,974,553,974,рук
461,944,543,944,543,973,461,973,кожу
172,940,449,940,449,966,172,966,восстанавливает
823,903,844,903,844,923,823,923,И
664,902,814,902,814,927,664,927,смягчает
472,904,654,904,654,930,472,930,увлажняет,
352,905,464,905,464,928,352,928,питает,
289,896,338,896,338,925,289,925,Ши
172,894,278,894,278,927,172,927,Масло
608,856,784,856,784,888,608,888,комфорта.
580,860,600,860,600,882,580,882,и
432,858,574,858,574,881,432,881,МЯГКОСТИ
256,857,425,857,425,886,256,886,ощущения
65,847,251,847,251,882,65,882,обеспечивая
844,814,921,814,921,839,844,839,кожи,
595,816,834,816,834,847,595,847,микро-рельеф
367,810,584,810,584,844,367,844,Выравнивают
265,819,352,819,352,844,265,844,КОЖИ.
64,815,252,815,252,842,64,842,эластичность
782,776,921,776,921,803,782,803,повышая
554,779,760,779,760,806,554,806,коллагена,
412,778,530,778,530,803,412,803,синтез
164,781,389,781,389,807,164,807,стимулируют
63,779,142,779,142,809,63,809,кожу,
647,737,925,737,925,762,647,762,восстанавливают
621,741,639,741,639,762,621,762,И
504,742,614,742,614,765,504,765,питают
303,741,494,741,494,770,303,770,эффективно
59,737,296,737,296,769,59,769,Фито-протеины
375,690,556,690,556,718,375,718,стянутости.
348,693,366,693,366,714,348,714,И
216,692,343,692,343,721,216,721,сухости
60,696,209,696,209,721,60,721,ощущения
900,646,928,646,928,673,900,673,ОТ
800,650,881,650,881,677,800,677,кожу
608,644,781,644,781,676,608,676,избавляет
493,652,592,652,592,678,493,678,влаги,
355,654,472,654,472,682,355,682,потере
131,655,336,655,336,685,131,685,препятствует
59,658,113,658,113,687,59,687,рук,
856,611,931,611,931,637,856,637,кожу
664,610,837,610,837,640,664,640,увлажняет
453,613,644,613,644,638,453,638,интенсивно
282,614,432,614,432,639,282,639,комплекс
56,613,263,613,263,643,56,643,AQUA-ACTIVE
585,561,677,561,677,591,585,591,уход.
358,554,578,554,578,588,358,588,оптимальный
202,566,352,566,352,595,202,595,получает
142,572,195,572,195,598,142,598,рук
55,574,135,574,135,596,55,596,кожа
782,520,932,520,932,547,782,547,которым
572,520,760,520,760,548,572,548,благодаря
312,529,548,529,548,552,312,552,компонентов,
55,530,295,530,295,562,55,562,ухаживающих
744,479,932,479,932,505,744,505,комплексы
503,478,730,478,730,517,503,517,эффективные
326,483,492,483,492,518,326,518,содержит
211,491,313,491,313,519,211,519,крема
53,490,200,490,200,524,53,524,Формула
292,443,356,443,356,470,292,470,рук.
180,438,284,438,284,469,180,469,кожей
56,438,172,438,172,479,56,479,нежной
896,388,932,388,932,414,896,414,за
780,393,884,393,884,420,780,420,ухода
541,393,765,393,765,426,541,426,ежедневного
475,401,527,401,527,427,475,427,для
311,403,462,403,462,430,311,430,подходит
148,406,299,406,299,435,148,435,идеально
56,410,135,410,135,441,56,441,Крем
489,326,744,326,744,362,489,362,УВЛАЖНЕНИЕ
228,331,476,331,476,369,228,369,МГНОВЕННОЕ
349,227,617,227,617,282,349,282,VITANICA
581,161,678,161,678,206,581,206,РУК
448,165,559,165,559,217,448,217,для
291,175,430,175,430,219,291,219,КРЕМ
342,71,628,71,628,129,342,129,1218271218
108,890,137,890,137,929,108,929,###
108,977,141,977,141,1010,108,1010,###
115,1062,140,1062,140,1099,115,1099,###
