615,737,655,737,655,765,615,765,20
571,742,606,742,606,766,571,766,71
502,741,563,741,563,764,502,764,256
414,737,493,737,493,766,414,766,(902)
366,737,405,737,405,766,366,766,+7
192,742,316,742,316,768,192,768,7-51-50
612,683,653,683,653,709,612,709,7а
412,681,596,681,596,714,412,714,Гагарина,
445,649,652,649,652,667,445,667,МОТОТЕХНИКИ
468,619,579,619,579,647,468,647,ДРУГОЙ
445,623,464,623,464,643,445,643,И
432,589,654,589,654,612,432,612,КВАДРОЦИКЛОВ
415,556,607,556,607,580,415,580,СНЕГОХОДОВ,
390,525,531,525,531,547,390,547,МОТОРОВ,
392,499,549,499,549,522,392,522,лодочных
289,455,658,455,658,486,289,486,ОБСЛУЖИВАНИЕ
250,456,278,456,278,486,250,486,и
57,456,238,456,238,486,57,486,РЕМОНТ
98,543,138,543,138,554,98,554,YAMAHA
53,572,135,572,135,582,53,582,vmax
231,567,274,567,274,635,231,635,ASSAULT
412,596,425,596,425,607,412,607,###
399,559,408,559,408,573,399,573,о
372,507,381,507,381,517,372,517,###
335,746,349,746,349,759,335,759,###
