805,886,844,886,844,1110,805,1110,STANDARD
652,341,827,341,827,1115,652,1115,GARDA
456,969,543,969,543,994,456,994,пыли.
219,963,447,963,447,1000,219,1000,металлической
192,973,209,973,209,997,192,997,и
259,929,400,929,400,971,259,971,угольной
190,943,247,943,247,971,190,971,опз,
420,900,514,900,514,927,420,927,лаков,
299,901,408,901,408,934,299,934,красок,
190,906,286,906,286,935,190,935,масел,
229,866,491,866,491,900,229,900,нефтепродуктов,
188,875,220,875,220,899,188,899,от
388,834,464,834,464,858,388,858,кожи
255,835,376,835,376,862,255,862,очистки
183,837,244,837,244,867,183,867,Для
308,763,377,763,377,795,308,795,Solo
182,772,297,772,297,803,182,803,Nature
328,702,445,702,445,743,328,743,ТЕЛА
284,705,313,705,313,743,284,743,И
179,707,267,707,267,748,179,748,РУК
173,647,396,647,396,693,173,693,ОЧИСТКИ
342,590,438,590,438,638,342,638,для
171,590,327,590,327,635,171,635,ПАСТА
692,167,869,167,869,219,692,219,products
412,174,682,174,682,226,412,226,dermatological
167,172,400,172,400,221,167,221,Professional
