369,823,415,823,415,837,369,837,улица
387,804,474,804,474,819,387,819,Мельникова
322,804,385,804,385,820,322,820,Генерала
266,797,307,797,307,832,266,832,10
806,629,957,629,957,648,806,648,www.gkh73.ru
699,619,799,619,799,644,699,644,62-81-68,
651,620,693,620,693,637,651,637,тел.
931,609,976,609,976,630,931,630,д.8А
791,602,926,602,926,626,791,626,ул.Отрадная,
671,595,785,595,785,620,671,620,Ульяновск,
650,597,667,597,667,613,650,613,г.
997,596,1124,596,1124,624,997,624,70-32-58
994,566,1121,566,1121,589,994,589,27-86-96
1014,519,1094,519,1094,536,1014,536,службы:
1000,493,1099,493,1099,515,1000,515,аварийной
999,469,1094,469,1094,494,999,494,Телефоны
755,516,935,516,935,559,755,559,АМЕТИСТ
859,507,933,507,933,524,859,524,КОМПАНИЯ
751,503,855,503,855,520,751,520,УПРАВЛЯЮЩАЯ
782,434,954,434,954,465,782,465,ОБСЛУЖИВАЕТ
720,432,774,432,774,456,720,456,дом
659,429,713,429,713,452,659,452,ВАШ
