547,600,881,600,881,643,547,643,Новгородцевой
470,610,534,610,534,645,470,645,ул.
540,560,885,560,885,599,540,599,Комсомольская,
459,565,524,565,524,600,459,600,ул.
834,513,956,513,956,559,834,559,(УПИ),
714,514,822,514,822,551,714,551,УГТУ
466,514,703,514,703,553,466,553,Восточная,
387,523,450,523,450,556,387,556,ул.
867,480,993,480,993,513,867,513,театр,
660,469,857,469,857,513,660,513,Оперный
541,480,646,480,646,512,541,512,года,
431,469,526,469,526,506,431,506,1905
353,478,416,478,416,504,353,504,пл.
836,434,968,434,968,470,836,470,связи,
631,428,824,428,824,468,631,468,Институт
455,424,618,424,618,469,455,469,Крауля,
375,432,438,432,438,467,375,467,ул.
793,388,1001,388,1001,429,793,429,Викулова,
719,392,777,392,777,424,719,424,ул.
415,382,703,382,703,424,415,424,Металлургов,
333,385,399,385,399,425,333,425,ул.
546,312,916,312,916,376,546,376,Мега-ЖБИ
416,322,532,322,532,375,416,375,Т.Ц.
17,368,276,368,276,566,17,566,27
