948,841,985,841,985,874,948,874,100
986,846,1085,846,1085,878,986,878,ml/мл/
1087,827,1106,827,1106,852,1087,852,e
924,517,981,517,981,541,924,541,крем
986,524,1035,524,1035,543,986,543,для
1038,519,1083,519,1083,545,1038,545,рук
925,538,962,538,962,559,925,559,для
966,541,1031,541,1031,565,966,565,сухой
923,555,939,555,939,572,923,572,и
941,559,1005,559,1005,579,941,579,очень
926,574,983,574,983,599,926,599,сухой
985,581,1043,581,1043,600,985,600,кожи
917,474,984,474,984,498,917,498,масло
987,480,1068,480,1068,502,987,502,кокоса
917,441,1133,441,1133,476,917,476,восстановление
920,286,1139,286,1139,369,920,369,care
991,248,1140,248,1140,285,991,285,AVON
