471,623,546,623,546,634,471,634,8-910-727-98-18
454,626,467,626,467,635,454,635,тел
458,602,505,602,505,614,458,614,маникюр.
446,579,508,579,508,597,446,597,НОГТЕВОЙ
512,579,559,579,559,598,512,598,СЕРВИС
521,559,560,559,560,573,521,573,РЕСНИЦ
446,561,519,561,519,573,446,573,НАРАЩИВАНИЕ
455,504,548,504,548,526,455,526,ЭКОНОМ
442,475,562,475,562,502,442,502,Парикмахерская
479,431,518,431,518,446,479,446,УСЛУГ
446,414,552,414,552,428,446,428,ПАРИКМАХЕРСКИХ
492,396,530,396,530,413,492,413,ВИДЫ
466,395,489,395,489,410,466,410,ВСЕ
721,314,749,314,749,330,721,330,500
714,352,724,352,724,365,714,365,29
725,358,729,358,729,363,725,363,-
731,354,736,354,736,366,731,366,6
740,307,756,307,756,316,740,316,###
717,303,740,303,740,314,717,314,###
647,5,736,5,736,20,647,20,www.smolkirpich.r
55,212,86,212,86,218,55,218,###
59,198,80,198,80,205,59,205,2000р
47,199,56,199,56,204,47,204,от
42,188,86,188,86,196,42,196,ПАМЯТНИКИ
343,264,372,264,372,273,343,273,ПАМЯТНИКИ
312,263,333,263,333,270,312,270,МРАМОР
52,413,74,413,74,420,52,420,сапоги
