761,1101,835,1101,835,1127,761,1127,месяцев
747,1110,756,1110,756,1127,747,1127,6
731,1114,740,1114,740,1130,731,1130,с
750,955,839,955,839,1101,750,1101,2
364,1089,406,1089,406,1119,364,1119,800
411,1106,422,1106,422,1124,411,1124,г
547,1082,603,1082,603,1095,547,1095,месяцев.
534,1078,543,1078,543,1091,534,1091,6
483,1075,532,1075,532,1092,483,1092,старше
441,1071,480,1071,480,1087,441,1087,детей
387,1065,439,1065,439,1082,387,1082,питания
362,1057,386,1057,386,1074,362,1074,Для
553,1066,619,1066,619,1078,553,1078,Premium".
542,1064,550,1064,550,1076,542,1076,2
471,1057,529,1057,529,1074,471,1074,"Nutrilon
363,1045,464,1045,464,1069,363,1069,адаптированная
505,1047,598,1047,598,1064,505,1064,последующая
466,1044,503,1044,503,1058,466,1058,сухая
401,1037,464,1037,464,1054,401,1054,молочная
364,1025,398,1025,398,1045,364,1045,Смесь
548,1008,651,1008,651,1038,548,1038,смесь
367,982,538,982,538,1034,367,1034,Молочная
769,835,828,835,828,852,769,852,ВИТАМИНОВ
771,828,823,828,823,840,771,840,КОМПЛЕКС
795,816,815,816,815,826,795,826,DHA
770,815,794,815,794,828,770,828,ARA,
771,803,819,803,819,817,771,817,КИСЛОТЫ
773,795,814,795,814,805,773,805,ЖИРНЫЕ
774,780,815,780,815,795,774,795,GOS/FOS
774,768,837,768,837,782,774,782,ПРЕБИОТИКИ
775,731,880,731,880,767,775,767,Pronutri+
547,778,726,778,726,804,547,804,интеллекта
521,776,542,776,542,801,521,801,и
535,743,717,743,717,776,535,776,иммунитета
596,707,706,707,706,730,596,730,развития
544,705,592,705,592,725,544,725,для
586,681,667,681,667,700,586,700,состав
552,655,702,655,702,676,552,676,уникальный
696,541,869,541,869,584,696,584,Premium
370,405,876,405,876,532,370,532,Nutrilon
370,351,571,351,571,383,370,383,NUTRICIA
110,862,204,862,204,876,110,876,SAMSUNG
