246,1108,277,1108,277,1140,246,1140,2014
270,1081,293,1081,293,1103,270,1103,РЕНО
247,1068,264,1068,264,1089,247,1089,###
251,1042,259,1042,259,1060,251,1060,###
274,1053,286,1053,286,1071,274,1071,8
729,1108,738,1108,738,1126,729,1126,ТС
739,1102,745,1102,745,1119,739,1119,N
745,1080,762,1080,762,1116,745,1116,###
379,1166,392,1166,392,1182,379,1182,В
398,1169,531,1169,531,1193,398,1193,недоступном
535,1168,571,1168,571,1189,535,1189,для
577,1155,632,1155,632,1185,577,1185,детей
635,1143,686,1143,686,1172,635,1172,месте.
457,1153,470,1153,470,1167,457,1167,В
475,1144,572,1144,572,1169,475,1169,закрытой
577,1139,624,1139,624,1162,577,1162,таре,
385,1126,420,1126,420,1146,385,1146,при
424,1129,557,1129,557,1149,424,1149,температуре
562,1124,587,1124,587,1141,562,1141,не
592,1116,641,1116,641,1138,592,1138,выше
646,1099,684,1099,684,1128,646,1128,25°С,
664,1077,706,1077,706,1101,664,1101,месте
615,1090,660,1090,660,1112,615,1112,света
590,1101,612,1101,612,1116,590,1116,от
450,1104,585,1104,585,1128,450,1128,защищенном
433,1107,445,1107,445,1123,433,1123,В
351,1095,428,1095,428,1123,351,1123,Хранить
308,1051,430,1051,430,1087,308,1087,Назначение:
434,1070,490,1070,490,1093,434,1093,уход
493,1070,519,1070,519,1087,493,1087,за
525,1060,596,1060,596,1086,525,1086,кожей
601,1055,649,1055,649,1079,601,1079,лица
654,1052,665,1052,665,1069,654,1069,и
669,1029,735,1029,735,1065,669,1065,волосами
632,1011,728,1011,728,1052,632,1052,применения
616,1003,674,1003,674,1028,616,1028,масло
508,1035,627,1035,627,1065,508,1065,наружного
458,1047,500,1047,500,1067,458,1067,для
479,1014,611,1014,611,1040,479,1040,Касторовое
317,1030,454,1030,454,1063,317,1063,Применение:
387,1014,473,1014,473,1039,387,1039,Состав:
236,957,272,957,272,988,236,988,нентов
236,939,294,939,294,974,236,974,реносимость
236,921,289,921,289,951,236,951,индивидуальная
237,900,311,900,311,935,237,935,противопоказания:
236,845,246,845,246,860,236,860,###
236,824,281,824,281,846,236,846,годности:
237,772,247,772,247,792,237,792,###
236,747,249,747,249,768,236,768,###
250,748,281,748,281,770,250,770,Ricini
604,938,654,938,654,980,604,980,30
660,938,700,938,700,970,660,970,мл
346,819,705,819,705,920,346,920,МАСЛ
343,758,699,758,699,817,343,817,КАСТОРОВОЕ
729,901,739,901,739,974,729,974,Серия:
741,912,750,912,750,966,741,966,Дата:
712,743,734,743,734,880,712,880,210219
743,838,755,838,755,882,743,882,###
738,722,752,722,752,810,738,810,2019
329,712,528,712,528,736,329,736,info@ruskern.com,
534,703,704,703,704,728,534,728,www.ruskern.com
701,681,739,681,739,700,701,700,###
687,681,700,681,700,701,687,701,1,
575,684,684,684,684,703,575,703,помещение
548,681,570,681,570,704,548,704,2,
503,687,546,687,546,708,503,708,стр.
475,684,497,684,497,708,475,708,3,
452,689,473,689,473,710,452,710,д.
408,690,446,690,446,711,408,711,пр.,
275,688,403,688,403,717,275,717,Черницынский
308,666,352,666,352,687,308,687,ООО
354,664,471,664,471,689,354,689,«Рускерн»,
476,660,561,660,561,682,476,682,Россия,
567,653,643,653,643,679,567,679,107241,
646,658,658,658,658,676,646,676,г.
660,656,720,656,720,679,660,679,Москва,
