103,263,464,263,464,363,103,363,ДЕЛОВОЕ
107,364,478,364,478,443,107,443,ПИСЬМО
810,47,904,47,904,630,810,630,ДЕЛОПРОИЗВОДСТВО
105,100,179,100,179,135,105,135,Н.Н.
190,95,381,95,381,136,190,136,АНОДИНА
179,499,411,499,411,545,179,545,МЕТОДИКА
423,487,726,487,726,536,423,536,СОСТАВЛЕНИЯ
414,545,730,545,730,595,414,595,ОФОРМЛЕНИЯ
202,559,404,559,404,603,202,603,ПРАВИЛА
152,559,189,559,189,604,152,604,И
885,1141,919,1141,919,1274,885,1274,кадровых
879,1046,913,1046,913,1136,879,1136,служб
884,1025,905,1025,905,1044,884,1044,и
872,703,909,703,909,1018,872,1018,секретарей-референтов
841,702,870,702,870,885,841,885,специалистов
843,888,869,888,869,937,843,937,для
847,941,879,941,879,1143,847,1143,Рекомендовано
496,744,680,744,680,773,496,773,реквизитов
279,781,300,781,300,801,279,801,и
308,773,436,773,436,801,308,801,бланков
278,741,488,741,488,772,278,772,Оформление
280,824,412,824,412,857,280,857,Правила
421,827,619,827,619,850,421,850,составления
279,863,299,863,299,885,279,885,и
279,999,296,999,296,1018,279,1018,С
302,998,464,998,464,1020,302,1020,письмами
278,959,489,959,489,993,278,993,Организация
499,957,620,957,620,994,499,994,работы
280,906,550,906,550,942,280,942,Международное
557,911,678,911,678,936,557,936,письмо
306,862,390,862,390,887,306,887,виды
398,861,496,861,496,885,398,885,писем
170,1206,332,1206,332,1220,170,1220,ИЗДАТЕЛЬСТВО
160,1220,348,1220,348,1263,160,1263,ОМЕГА-Л
537,75,679,75,679,144,537,144,###
219,742,256,742,256,769,219,769,###
217,816,256,816,256,861,217,861,###
218,912,261,912,261,945,218,945,###
217,958,253,958,253,987,217,987,###
