709,1154,747,1154,747,1175,709,1175,ПРОДУКТ
695,1133,757,1133,757,1161,695,1161,НАТУРАЛЬНЫЙ
707,1093,747,1093,747,1117,707,1117,ГОСТ
426,990,662,990,662,1038,426,1038,КЛАССИЧЕСКИЙ
343,897,739,897,739,980,343,980,ПРОВАНСАЛЬ
575,859,637,859,637,890,575,890,67%
438,859,568,859,568,894,438,894,МАЙОНЕЗ
405,762,663,762,663,835,405,835,СЛОБОДА
324,668,444,668,444,728,324,728,3·6·9
306,595,463,595,463,663,306,663,Омега
770,587,799,587,799,672,770,672,ОРГАНИК
763,495,792,495,792,573,763,573,КОНТРОЛЬ
634,283,716,283,716,311,634,311,ega
619,237,769,237,769,281,619,281,живая
