233,380,299,380,299,793,233,793,ВОСТОЧНЫЙ
235,199,302,199,302,375,235,375,БАНК
383,192,562,192,562,451,383,451,11,5%
706,580,751,580,751,717,706,717,КРЕДИТ
709,522,754,522,754,575,709,575,до
707,493,761,493,761,520,707,520,3
702,415,756,415,756,491,702,491,млн
704,263,750,263,750,411,704,411,РУБЛЕЙ
770,406,850,406,850,783,770,783,ОДОБРЯЕМ
853,563,912,563,912,766,853,766,ВАШИ
852,212,911,212,911,559,852,559,ЖЕЛАНИЯ
926,705,950,705,950,765,926,765,Тарифный
950,720,971,720,971,766,950,766,Ставка:
997,697,1016,697,1016,763,997,763,Заявителю:
1041,747,1060,747,1060,764,1041,764,по
974,717,995,717,995,766,974,766,период:
1021,754,1036,754,1036,763,1021,763,В
1017,708,1039,708,1039,753,1017,753,течение
1036,709,1063,709,1063,747,1036,747,форме
1060,695,1083,695,1083,764,1060,764,затребовать
1086,718,1107,718,1107,763,1086,763,причин.
1082,672,1104,672,1104,718,1082,718,Условия
1082,592,1105,592,1105,672,1082,672,действительны
1062,605,1083,605,1083,695,1062,695,дополнительные
1038,671,1060,671,1060,709,1038,709,Банка;
1015,688,1037,688,1037,706,1015,706,3-х
1018,662,1038,662,1038,690,1018,690,мес.
994,651,1016,651,1016,698,994,698,возраст
973,698,996,698,996,716,973,716,до
971,684,994,684,994,697,971,697,7
973,655,993,655,993,683,973,683,мес.
949,656,974,656,974,718,949,718,11,5-24,9%
927,673,949,673,949,707,927,707,план
925,629,950,629,950,673,925,673,«Кредит
927,563,947,563,947,628,927,628,наличными
951,608,970,608,970,656,951,656,Полная
975,641,991,641,991,656,975,656,с
971,607,994,607,994,640,971,640,даты
993,611,1015,611,1015,650,993,650,21-76
1015,636,1040,636,1040,663,1015,663,[для
1017,613,1038,613,1038,637,1017,637,лиц
1018,597,1037,597,1037,613,1018,613,до
1041,652,1062,652,1062,673,1041,673,при
1040,615,1061,615,1061,652,1040,652,сумме
1038,580,1058,580,1058,617,1038,617,свыше
1058,542,1083,542,1083,605,1058,605,документы,
1082,577,1104,577,1104,591,1082,591,на
1080,517,1102,517,1102,574,1080,574,01.06.2019.
995,589,1015,589,1015,613,995,613,лет,
1011,584,1037,584,1037,596,1011,596,26
1018,562,1036,562,1036,582,1018,582,лет
1020,547,1037,547,1037,561,1020,561,I
1017,531,1037,531,1037,545,1017,545,не
973,540,995,540,995,606,973,606,заключения
952,551,970,551,970,607,952,607,стоимость
924,535,950,535,950,562,924,562,3.0».
951,501,973,501,973,549,951,549,кредита:
972,485,995,485,995,538,972,538,договора,
997,561,1014,561,1014,587,997,587,стаж
995,540,1016,540,1016,557,995,557,на
994,490,1015,490,1015,537,994,537,текущем
1016,494,1036,494,1036,531,1016,531,менее
1036,560,1058,560,1058,578,1036,578,500
1038,539,1059,539,1059,558,1038,558,000
1037,517,1062,517,1062,539,1037,539,руб.
1041,502,1057,502,1057,515,1041,515,I
1062,533,1080,533,1080,541,1062,541,а
1060,500,1080,500,1080,532,1060,532,также
1115,586,1141,586,1141,763,1115,763,8-800-100-7-100
1081,447,1103,447,1103,515,1081,515,Генеральная
1082,394,1102,394,1102,446,1082,446,лицензия
1062,452,1079,452,1079,499,1062,499,отказать
1062,441,1079,441,1079,451,1062,451,В
1040,420,1059,420,1059,502,1040,502,дополнительно
1013,481,1037,481,1037,495,1013,495,12
1015,449,1037,449,1037,480,1015,480,мес.),
1017,404,1038,404,1038,447,1017,447,паспорт
997,453,1014,453,1014,487,997,487,месте
975,470,993,470,993,481,975,481,С
924,494,951,494,951,533,924,533,Сумма:
924,471,947,471,947,491,924,491,150
926,450,946,450,946,470,926,470,000
933,438,947,438,947,448,933,448,I
924,429,948,429,948,436,924,436,3
928,405,945,405,945,428,928,428,000
925,382,948,382,948,403,925,403,000
927,357,952,357,952,380,927,380,руб.
947,415,971,415,971,500,947,500,11,498-24,941%.
948,368,972,368,972,409,948,409,Выпуск
973,411,992,411,992,468,973,468,платежом
973,393,993,393,993,409,973,409,не
969,356,993,356,993,390,969,390,более
995,409,1018,409,1018,451,995,451,работы
997,397,1015,397,1015,407,997,407,c
994,349,1016,349,1016,395,994,395,доходом
1016,382,1037,382,1037,403,1016,403,РФ,
1038,386,1060,386,1060,420,1038,420,копия
1058,354,1080,354,1080,440,1058,440,представлении
1079,377,1101,377,1101,393,1079,393,ЦБ
1080,359,1100,359,1100,375,1080,375,РФ
1120,371,1137,371,1137,408,1120,408,ПАО
1117,347,1138,347,1138,370,1117,370,КБ
1117,223,1136,223,1136,345,1117,345,«ВОСТОЧНЫЙ»
925,324,950,324,950,355,925,355,Срок:
929,309,947,309,947,323,929,323,до
923,220,946,220,946,307,923,307,востребования.
952,329,970,329,970,367,952,367,карты:
947,305,968,305,968,327,947,327,800
945,279,971,279,971,302,945,302,руб.
970,331,994,331,994,353,970,353,100
968,303,995,303,995,329,968,329,руб.
995,328,1013,328,1013,347,995,347,не
994,291,1014,291,1014,327,994,327,менее
1015,339,1035,339,1035,381,1015,381,СНИЛС,
1012,293,1035,293,1035,337,1012,337,2-НДФЛ
1016,269,1032,269,1032,291,1016,291,или
1015,223,1036,223,1036,268,1015,268,справка
1035,293,1060,293,1060,386,1035,386,###
1056,288,1076,288,1076,309,1056,309,без
1057,308,1080,308,1080,354,1057,354,кредита
1078,249,1100,249,1100,291,1078,291,10.2014.
1078,293,1100,293,1100,307,1078,307,24.
1080,308,1101,308,1101,321,1080,321,от
1079,322,1100,322,1100,360,1079,360,№1460
946,221,968,221,968,277,946,277,Льготный
972,215,988,215,988,233,972,233,К
970,234,993,234,993,302,970,302,Требования
991,220,1016,220,1016,248,991,248,руб.
988,251,1010,251,1010,271,988,271,000
988,274,1009,274,1009,289,988,289,70
1037,221,1058,221,1058,263,1037,263,вправе
1033,263,1054,263,1054,292,1033,292,Банк
1056,224,1077,224,1077,286,1056,286,объяснения
