166,1010,451,1010,451,1103,166,1103,#ВКУСВИЛЛ
502,1071,577,1071,577,1092,502,1092,волокн
499,1046,601,1046,601,1070,499,1070,ПИЩЕВЫХ
501,1015,627,1015,627,1042,501,1042,СОДЕРЖАНИЕ
677,1032,770,1032,770,1070,677,1070,САХАРА
676,1018,704,1018,704,1038,676,1038,БЕЗ
707,1005,782,1005,782,1036,707,1036,ДОБАВЛЕНИЯ
490,983,508,983,508,999,490,999,на
514,983,535,983,535,999,514,999,100
539,984,545,984,545,998,539,998,###
549,982,619,982,619,998,549,998,ПРОДУКТА
491,913,566,913,566,976,491,976,3,4
583,915,623,915,623,966,583,966,%
255,935,301,935,301,974,255,974,150
312,950,325,950,325,976,312,976,Г
256,897,347,897,347,928,256,928,масса
357,899,455,899,455,932,357,932,нетто
255,814,517,814,517,858,255,858,КЛАССИЧЕСКАЯ
252,722,684,722,684,793,252,793,АРАХИСОВАЯ
255,636,452,636,452,704,255,704,ПАСТА
795,982,814,982,814,1071,795,1071,Пищевая
814,1043,825,1043,825,1065,814,1065,НА
809,990,826,990,826,1034,809,1034,100
810,980,823,980,823,986,810,986,###
798,961,807,961,807,976,798,976,s
811,882,827,882,827,974,811,974,ПРОДУКТА
795,807,808,807,808,955,795,955,ЭНЕРГЕТИЧЕСКАЯ
804,794,824,794,824,875,804,875,(СРЕДНИЕ
794,710,808,710,808,802,794,802,ЦЕННОСТЬ
803,686,823,686,823,786,803,786,значений):
836,949,863,949,863,978,836,978,###
831,825,861,825,861,849,831,849,###
829,700,862,700,862,727,829,727,БЕЛКИ
835,593,854,593,854,618,835,618,###
834,1005,867,1005,867,1037,834,1037,11,6
829,878,866,878,866,911,829,911,55,5г
829,758,863,758,863,786,829,786,25,3
830,654,860,654,860,681,830,681,###
