592,822,625,822,625,841,592,841,ления.
682,785,702,785,702,803,682,803,###
639,787,679,787,679,813,639,813,взрослого
618,795,637,795,637,815,618,815,ДЛЯ
562,795,617,795,617,820,562,820,ребления
690,761,704,761,704,779,690,779,###
663,765,688,765,688,785,663,785,###
621,765,662,765,662,791,621,791,суточной
572,766,620,766,620,793,572,793,средней
556,773,571,773,571,791,556,791,от
542,769,555,769,555,789,542,789,###
533,778,541,778,541,783,533,783,###
689,740,705,740,705,757,689,757,###
673,740,688,740,688,758,673,758,129
650,738,672,738,672,763,650,763,###
629,742,649,742,649,762,629,762,545
623,750,628,750,628,756,623,756,###
531,743,623,743,623,766,531,766,(калорийность)
464,742,528,742,528,764,464,764,ценность
652,715,710,715,710,736,652,736,Энергетическая
625,718,651,718,651,737,625,737,18,4
618,726,624,726,624,730,618,730,###
567,720,619,720,619,742,567,742,углеводы
538,716,566,716,566,741,538,741,###
529,723,537,723,537,730,529,730,###
489,713,528,713,528,736,489,736,белки
479,716,489,716,489,736,479,736,###
455,710,478,710,478,734,455,734,4,2
448,717,454,717,454,723,448,723,###
406,708,446,708,446,734,406,734,жиры
333,700,403,700,403,727,333,727,продукта:
324,698,334,698,334,715,324,715,г
294,691,322,691,322,714,294,714,100
281,692,292,692,292,710,281,710,В
223,683,280,683,280,707,223,707,ценность
173,667,222,667,222,697,173,697,Пищевая
162,665,172,665,172,687,162,687,6.
141,657,161,657,161,686,141,686,буква
668,692,713,692,713,714,668,714,###
613,695,668,695,668,716,613,716,маркировке
605,694,612,694,612,712,605,712,###
563,694,604,694,604,717,563,717,сиропа
408,680,560,680,560,712,408,712,глюкозно-фруктозного
301,667,405,667,405,698,301,698,использовании
273,664,298,664,298,687,273,687,при
265,667,271,667,271,674,265,674,###
170,642,256,642,256,682,170,682,3-замещенный).
139,638,168,638,168,661,139,661,натрия
141,611,242,611,242,647,141,647,концентрированный
244,632,265,632,265,651,244,651,СОК
269,635,283,635,283,654,269,654,из
286,638,340,638,340,665,286,665,клюквы,
342,646,453,646,453,679,342,679,ароматизаторы,
142,584,161,584,161,604,142,604,###
162,588,189,588,189,614,162,614,сироп
191,591,210,591,210,617,191,617,(6);
212,597,302,597,302,632,212,632,стабилизаторы
305,609,358,609,358,640,305,640,(Е1442,
455,660,532,660,532,686,455,686,регуляторы
534,665,606,665,606,686,534,686,КИСЛОТНОСТИ
607,674,613,674,613,679,607,679,###
612,671,659,671,659,688,612,688,лимонная
660,671,691,671,691,686,660,686,###
692,670,716,670,716,687,692,687,###
360,620,423,620,423,646,360,646,гуаровая
427,628,480,628,480,654,427,654,камедь,
481,633,563,633,563,657,481,657,ксантановая
564,642,610,642,610,662,564,662,камедь,
611,642,646,642,646,663,611,663,камедь
647,645,691,645,691,665,647,665,рожкового
690,646,719,646,719,663,690,663,###
81,562,98,562,98,666,81,666,МАССА
90,556,119,556,119,674,90,674,НЕТТО:
90,440,123,440,123,542,90,542,100
103,393,127,393,127,422,103,422,L
763,800,776,800,776,817,763,817,###
765,655,797,655,797,795,765,795,###
790,534,818,534,818,642,790,642,###
145,560,175,560,175,582,145,582,###
177,565,202,565,202,589,177,589,тары,
204,570,245,570,245,595,204,595,пектин,
247,573,294,573,294,604,247,604,E1442),
296,583,361,583,361,612,296,612,желатин),
363,588,440,588,440,618,363,618,фруктовый
443,602,530,602,530,627,443,627,наполнитель
531,605,568,605,568,632,531,632,(вода,
570,607,623,607,623,636,570,636,брусника,
625,617,655,617,655,639,625,639,сахар,
655,619,725,619,725,641,655,641,###
148,528,179,528,179,555,148,555,Состав:
181,534,220,534,220,560,181,560,взбитая
224,545,288,545,288,571,224,571,творожная
291,554,337,554,337,578,291,578,основа
340,556,393,556,393,587,340,587,(творог,
395,567,446,567,446,594,395,594,СЛИВКИ,
448,568,495,568,495,600,448,600,йогурт,
497,578,538,578,538,604,497,604,сахар,
540,579,626,579,626,611,540,611,стабилизаторы
627,586,664,586,664,613,627,613,(E1422,
665,594,700,594,700,617,665,617,###
701,596,726,596,726,615,701,615,###
713,553,729,553,729,588,713,588,%.
693,552,713,552,713,590,693,590,4,2
646,546,690,546,690,584,646,584,ЖИРА
586,540,645,540,645,582,586,582,доля
461,525,587,525,587,575,461,575,МАССОВАЯ
352,513,458,513,458,565,352,565,ЯГОДЫ».
218,494,347,494,347,547,218,547,«СЕВЕРНЫЕ
151,487,215,487,215,535,151,535,РОШКА,
155,443,226,443,226,484,155,484,РОЖОК»
233,447,380,447,380,505,233,505,ФРУКТОВЫЙ
386,466,423,466,423,509,386,509,CO
428,473,534,473,534,523,428,523,ВКУСОМ
539,487,742,487,742,545,539,545,БРУСНИКА-КЛЮКВА-МО-
715,465,748,465,748,503,715,503,TBO
636,449,711,449,711,499,636,499,ВЗБИТЫЙ
385,416,632,416,632,488,385,488,ПАСТЕРИЗОВАННЫЙ
228,400,379,400,379,454,228,454,ТВОРОЖНЫЙ
153,397,224,397,224,437,153,437,ДЕСЕРТ
