337,815,377,815,377,829,337,829,###
382,819,402,819,402,828,382,828,на
331,651,691,651,691,709,331,709,обычном
711,651,1015,651,1015,720,711,720,режиме
252,575,293,575,293,620,252,620,с
95,460,169,460,169,540,95,540,4,
188,451,276,451,276,523,188,523,11
316,551,399,551,399,618,316,618,17
427,556,728,556,728,626,427,626,августа
750,535,1020,535,1020,620,750,620,работа
1044,549,1095,549,1095,597,1044,597,В
1065,449,1261,449,1261,514,1065,514,дни,
631,448,1045,448,1045,506,631,506,выходные
303,459,612,459,612,531,303,531,августа
157,364,507,364,507,439,157,439,перерыв
533,357,573,357,573,409,533,409,с
595,331,797,331,797,409,595,409,12:00
818,346,911,346,911,408,818,408,до
942,323,1184,323,1184,410,942,410,12:30,
762,223,996,223,996,306,762,306,15:30,
644,250,734,250,734,312,644,312,ДО
1012,122,1237,122,1237,187,1012,187,года:
797,116,987,116,987,190,797,190,2019
418,234,624,234,624,311,418,311,10:00
354,264,391,264,391,313,354,313,с
91,167,142,167,142,220,91,220,с
161,145,204,145,204,216,161,216,1
228,158,329,158,329,212,228,212,по
354,135,447,135,447,208,354,208,16
471,147,780,147,780,213,471,213,августа
214,41,491,41,491,107,214,107,Режим
517,26,813,26,813,116,517,116,работы
842,19,1106,19,1106,88,842,88,кассы
411,822,438,822,438,829,411,829,###
450,824,519,824,519,829,450,829,###
338,804,396,804,396,814,338,814,###
400,807,473,807,473,819,400,819,###
475,807,486,807,486,819,475,819,###
491,810,527,810,527,823,491,823,###
