281,527,892,527,892,703,281,703,ДЖЕК
110,564,226,564,226,678,110,678,N
59,725,931,725,931,1002,59,1002,ЛОНДОН
65,1057,330,1057,330,1147,65,1147,МАРТИН
336,1059,511,1059,511,1154,336,1154,ИДЕН
63,1236,563,1236,563,1264,63,1264,ЭКСКЛЮЗИВНАЯ
618,1238,965,1238,965,1266,618,1266,классика
592,1039,663,1039,663,1073,592,1073,Книги,
668,1044,818,1044,818,1067,668,1067,изменившие
821,1043,881,1043,881,1071,821,1071,мир.
593,1079,715,1079,715,1116,593,1116,Писатели,
720,1073,899,1073,899,1113,720,1113,объединившие
594,1125,723,1125,723,1157,594,1157,поколения.
