259,547,403,547,403,566,259,566,СВИДЕТЕЛЬСТВО
410,546,509,546,509,563,410,563,№290340403
516,545,594,545,594,563,516,563,ВЫДАНО
600,542,714,542,714,559,600,559,БРЕСТСКИМ
721,539,760,539,760,559,721,559,ОИК
765,538,862,538,862,555,765,555,18.12.2003
282,494,462,494,462,524,282,524,выходной:
468,491,615,491,615,516,468,516,СУББОТА,
622,486,857,486,857,513,622,513,ВОСКРЕСЕНЬЕ
331,420,506,420,506,487,331,487,12.00
522,446,540,446,540,463,522,463,###
562,407,756,407,756,475,562,475,13.00
409,362,693,362,693,414,409,414,ПЕРЕРЫВ:
572,257,780,257,780,339,572,339,17.00
528,305,548,305,548,326,528,326,###
363,276,512,276,512,352,363,352,8.00
544,203,786,203,786,258,544,258,РАБОТЫ
352,225,533,225,533,272,352,272,ВРЕМЯ
309,130,838,130,838,212,309,212,«Трансэлектрокомплект»
438,107,692,107,692,158,438,158,ответственностью
553,66,751,66,751,114,553,114,ограниченной
528,91,541,91,541,114,528,114,c
384,95,516,95,516,131,384,131,Общество
