628,1257,732,1257,732,1305,628,1305,Щаповское
577,1297,620,1297,620,1310,577,1310,пос.
484,1298,568,1298,568,1318,484,1318,Москва,
456,1298,472,1298,472,1317,456,1317,г.
365,1279,440,1279,440,1312,365,1312,Россия,
315,1270,396,1270,396,1319,315,1319,Троицкое
296,1261,312,1261,312,1281,296,1281,###
296,1242,356,1242,356,1291,296,1291,142138,
668,1233,735,1233,735,1278,668,1278,ТИМЕНС
551,1261,650,1261,650,1295,551,1295,компаний
461,1278,531,1278,531,1296,461,1296,группа
346,1251,441,1251,441,1291,346,1291,«СТЕЛЛА»
294,1220,329,1220,329,1256,294,1256,ООО
292,1205,435,1205,435,1271,292,1271,Производитель:
362,1219,525,1219,525,1256,362,1256,Phenoxyethanol.
289,1186,359,1186,359,1238,289,1238,Perfume,
700,1180,743,1180,743,1211,700,1211,Park
528,1209,687,1209,687,1235,528,1235,Butyrospermum
440,1210,512,1210,512,1237,440,1237,Extract,
380,1204,422,1204,422,1226,380,1226,Leaf
288,1167,364,1167,364,1217,288,1217,Officinalis
684,1161,748,1161,748,1199,684,1199,Paeonia
608,1186,679,1186,679,1207,608,1207,Extract,
524,1190,602,1190,602,1209,524,1209,Odorata
464,1192,516,1192,516,1213,464,1213,Viola
381,1183,460,1183,460,1213,381,1213,Acetate,
287,1149,374,1149,374,1202,287,1202,Tocopheryl
538,1145,748,1145,748,1190,538,1190,Monopropyleneglycole,
420,1166,500,1166,500,1191,420,1191,Lanolin,
286,1129,384,1129,384,1184,286,1184,Triglyceride,
602,1124,753,1124,753,1165,602,1165,Caprylic/capryc
475,1148,573,1148,573,1171,475,1171,Glycerin,
284,1110,444,1110,444,1170,284,1170,Octyldodecanol,
656,1105,754,1105,754,1141,656,1141,Petrolatum,
529,1126,628,1126,628,1147,529,1147,Liquidum,
392,1122,503,1122,503,1146,392,1146,Paraffinum
282,1090,366,1090,366,1137,282,1137,Palmitate,
720,1081,762,1081,762,1108,720,1108,Cetyl
638,1096,713,1096,713,1120,638,1120,Alcohol,
552,1102,632,1102,632,1122,552,1122,Cetearyl
408,1102,544,1102,544,1124,408,1124,Ceteareth-12,
280,1070,403,1070,403,1122,280,1122,Ceteareth-20,
678,1065,764,1065,764,1095,678,1095,Stearate,
529,1078,641,1078,641,1102,529,1102,Potassium
388,1076,490,1076,490,1102,388,1102,Stearate,
280,1050,353,1050,353,1091,280,1091,Glyceryl
716,1041,767,1041,767,1070,716,1070,Aqua,
648,1051,708,1051,708,1080,648,1080,(INCI):
277,1026,638,1026,638,1078,277,1078,Состав/Склад/Ingredients/Курамы
275,1008,333,1008,333,1041,275,1041,кажет.
732,998,778,998,778,1022,732,1022,жафу
644,1004,728,1004,728,1027,644,1027,терiciне
604,1000,639,1000,639,1023,604,1023,бет
478,1005,596,1005,596,1022,478,1022,тазаланfан
351,1001,472,1001,472,1024,351,1024,Колдануы:
273,979,344,979,344,1018,273,1018,###
684,974,780,974,780,998,684,998,арналган
595,974,680,974,680,998,595,998,###
554,970,591,970,591,992,554,992,бет
456,972,548,972,548,992,456,992,сезiмтал
388,974,451,974,451,994,388,994,және
311,965,386,965,386,995,311,995,###
272,952,307,952,307,981,272,981,KAZ
362,941,410,941,410,964,362,964,skin.
314,934,359,934,359,962,314,962,face
270,928,312,928,312,954,270,954,pure
756,914,788,914,788,935,756,935,the
726,920,751,920,751,939,726,939,on
654,920,720,920,720,938,654,938,cream
591,918,648,918,648,936,591,936,some
549,914,585,914,585,938,549,938,put
432,912,544,912,544,935,432,935,Directions:
350,916,424,916,424,931,350,931,cream.
300,906,345,906,345,930,300,930,Face
268,896,295,896,295,922,268,922,GB
464,880,559,880,559,902,464,902,обличчя.
395,882,459,882,459,906,395,906,###
295,876,392,876,392,905,295,905,очищену
267,873,288,873,288,891,267,891,на
696,861,796,861,796,880,696,880,наносити
532,850,692,850,692,877,532,877,Застосування:
426,849,527,849,527,872,426,872,обличчя.
377,854,420,854,420,874,377,874,для
314,850,375,850,375,874,314,874,Крем
265,840,307,840,307,868,265,868,UKR
462,822,536,822,536,844,462,844,лица.
389,822,458,822,458,845,389,845,кожу
349,822,382,822,382,842,349,842,на
263,811,343,811,343,841,263,841,крема
653,791,803,791,803,817,653,817,количество
453,781,637,781,637,807,453,807,необходимое
313,782,440,782,440,805,313,805,нанесите
264,775,296,775,296,801,264,801,ми
664,752,807,752,807,777,664,777,движения-
450,746,658,746,658,774,450,774,массирующими
261,736,442,736,442,769,261,769,Применение:
372,709,476,709,476,729,372,729,сияние.
259,703,364,703,364,730,259,730,нежное
800,683,815,683,815,701,800,701,И
659,675,780,675,780,702,659,702,оттенок
490,665,640,665,640,697,490,697,здоровый
400,671,474,671,474,695,400,695,лицу
258,666,384,666,384,694,258,694,придает
618,637,820,637,820,668,618,668,витаминами,
552,633,590,633,590,656,552,656,ее
372,632,523,632,523,658,372,658,насыщает
257,629,339,629,339,657,257,657,кожу,
700,602,828,602,828,624,700,624,смягчает
670,600,689,600,689,620,670,620,и
510,593,660,593,660,621,510,621,увлажняет
390,587,498,587,498,614,390,614,фиалки
255,581,380,581,380,617,255,617,Экстракт
616,557,727,557,727,586,616,586,рельеф.
428,552,610,552,610,579,428,579,выравнивает
403,553,422,553,422,574,403,574,И
254,546,396,546,396,576,254,576,морщины
640,517,838,517,838,545,640,545,разглаживает
435,509,627,509,627,541,435,541,эластичность,
403,507,421,507,421,533,403,533,и
251,505,390,505,390,536,251,536,упругость
766,478,840,478,840,506,766,506,коже
554,473,727,473,727,503,554,503,возвращает
423,465,512,465,512,494,423,494,пиона
250,457,385,457,385,496,250,496,Экстракт
248,413,310,413,310,447,248,447,той.
689,389,850,389,850,417,689,417,шелковис-
661,390,679,390,679,412,661,412,и
534,381,649,381,649,417,534,417,упругой
452,384,527,384,527,418,452,418,кожу
339,379,446,379,446,409,339,409,делает
248,375,332,375,332,405,248,405,лица,
744,351,855,351,855,379,744,379,контур
540,344,730,344,730,373,540,373,подтягивает
350,333,520,333,520,369,350,369,увлажняет,
248,324,332,324,332,362,248,362,Крем
520,242,689,242,689,283,520,283,WORLD
425,179,688,179,688,236,425,236,ORGANIC
399,35,712,35,712,108,399,108,Compliment
655,2,732,2,732,18,655,18,партии:
619,2,644,2,644,15,619,15,№
