356,1203,429,1203,429,1250,356,1250,18
445,1198,518,1198,518,1251,445,1251,07
530,1197,599,1197,599,1246,530,1246,19
564,1122,603,1122,603,1140,564,1140,год):
506,1128,561,1128,561,1146,506,1146,месяц,
445,1130,502,1130,502,1150,445,1150,(число,
327,1130,441,1130,441,1146,327,1146,изготовления
284,1124,326,1124,326,1143,284,1143,Дата
255,1045,273,1045,273,1062,255,1062,+7
281,1047,327,1047,327,1069,281,1069,(495)
334,1051,367,1051,367,1070,334,1070,663
369,1061,375,1061,375,1066,369,1066,###
376,1056,398,1056,398,1073,376,1073,86
401,1063,407,1063,407,1069,401,1069,###
410,1056,433,1056,433,1074,410,1074,02
249,1029,435,1029,435,1054,249,1054,www.vkusvill.ru
270,1016,314,1016,314,1027,270,1027,пишите
318,1018,325,1018,325,1027,318,1027,и
326,1019,375,1019,375,1029,326,1029,звоните
377,1020,408,1020,408,1029,377,1029,нам:
251,999,266,999,266,1012,251,1012,По
269,1003,339,1003,339,1015,269,1015,претензиям
341,1005,350,1005,350,1015,341,1015,и
352,1005,431,1005,431,1016,352,1016,пожеланиям
588,1048,632,1048,632,1065,588,1065,чека.
553,1053,583,1053,583,1067,553,1067,Без
455,1058,547,1058,547,1078,455,1078,продукта.
545,1030,627,1030,627,1051,545,1051,качество
504,1038,540,1038,540,1054,504,1054,или
455,1043,500,1043,500,1059,455,1059,вкус
555,1013,628,1013,628,1034,555,1034,устроили
532,1022,551,1022,551,1033,532,1033,не
499,1022,527,1022,527,1035,499,1035,вас
456,1025,496,1025,496,1036,456,1036,если
546,988,633,988,633,1017,546,1017,ДЕНЬГИ,
454,994,540,994,540,1019,454,1019,ВЕРНЁМ
299,946,335,946,335,958,299,958,ГОСТ
338,944,347,944,347,959,338,959,Р
351,945,380,945,380,959,351,959,ИСО
383,945,465,945,465,959,383,959,22000-2007
468,944,496,944,496,961,468,961,(ISO
500,938,583,938,583,955,500,955,22000:2005)
495,922,587,922,587,937,495,937,соответствие
475,926,492,926,492,938,475,938,на
348,927,473,927,473,942,348,942,сертифицирована
295,929,345,929,345,942,295,942,дукции
268,905,321,905,321,922,268,922,Система
325,911,419,911,419,923,325,923,менеджмента
422,906,519,906,519,921,422,921,безопасности
522,901,582,901,582,917,522,917,пищевой
586,901,614,901,614,916,586,916,про-
554,877,623,877,623,900,554,900,дизайна.
451,885,551,885,551,901,451,901,элементами
369,889,448,889,448,904,369,904,являются
258,885,365,885,365,906,258,906,Изображения
512,860,534,860,534,875,512,875,эт.
496,857,507,857,507,875,496,875,2
450,858,491,858,491,878,450,878,АКБ,
426,859,445,859,445,879,426,879,А,
385,865,422,865,422,878,385,878,лит.
365,860,383,860,383,882,365,882,4,
341,865,362,865,362,883,341,883,д.
574,831,613,831,613,849,574,849,пер.,
490,831,569,831,569,854,490,854,Верхний
455,831,485,831,485,851,455,851,8-й
355,835,451,835,451,855,355,855,«Парнас»,
266,841,352,841,352,858,266,858,промзона
279,813,345,813,345,832,279,832,Россия,
348,810,421,810,421,830,348,830,194292,
425,812,436,812,436,826,425,826,г.
441,803,600,803,600,826,441,826,Санкт-Петербург,
254,788,384,788,384,806,254,806,Изготовитель:
387,781,432,781,432,802,387,802,ООО
435,776,623,776,623,801,435,801,"Кондитер-Сервис",
290,760,316,760,316,780,290,780,ТУ
321,753,583,753,583,779,321,779,10.32.23-020-89114245-2018
270,738,330,738,330,756,270,756,Перед
333,732,478,732,478,757,333,757,употреблением
483,729,600,729,600,748,483,748,взбалтывать.
442,704,579,704,579,728,442,728,употреблению.
428,709,441,709,441,725,428,725,К
371,712,425,712,425,725,371,725,готов
290,710,369,710,369,732,290,732,Продукт
369,684,505,684,505,703,369,703,холодильника.
478,659,562,659,562,677,478,677,условиях
463,659,475,659,475,672,463,672,В
386,661,460,661,460,679,386,679,хранить
307,660,382,660,382,680,307,680,продукт
533,632,615,632,615,651,533,651,упаковки
445,633,528,633,528,652,445,652,вскрытия
382,633,440,633,440,650,382,650,После
321,634,379,634,379,657,321,657,лучей.
251,638,318,638,318,657,251,657,нечных
573,607,611,607,611,621,573,621,сол-
498,610,566,610,566,627,498,627,прямых
394,610,492,610,492,626,394,626,попадания
303,610,389,610,389,627,303,627,Избегать
279,610,302,610,302,629,279,629,%.
250,610,276,610,276,630,250,630,75
257,586,333,586,333,607,257,607,тельной
337,586,439,586,439,602,337,602,влажности
444,584,520,584,520,601,444,601,воздуха
523,583,546,583,546,598,523,598,не
550,576,603,576,603,597,550,597,более
529,557,603,557,603,572,529,572,относи-
515,559,525,559,525,573,515,573,И
491,553,512,553,512,574,491,574,°C
453,556,485,556,485,573,453,573,+10
426,561,450,561,450,578,426,578,до
409,556,422,556,422,575,409,575,0
384,560,406,560,406,575,384,575,от
258,563,380,563,380,580,258,580,температуре
569,533,602,533,602,552,569,552,при
488,532,564,532,564,552,488,552,Хранить
428,535,485,535,485,554,428,554,суток.
400,533,423,533,423,552,400,552,30
303,537,397,537,397,554,303,554,годности:
253,536,301,536,301,558,253,558,Срок
442,507,521,507,521,527,442,527,###
427,507,440,507,440,527,427,527,/
381,510,424,510,424,528,381,528,ккал
339,508,378,508,378,529,339,529,42,0
460,486,550,486,550,503,460,503,ценность:
304,484,455,484,455,506,304,506,Энергетическая
548,456,586,456,586,475,548,475,10г.
529,463,544,463,544,471,529,471,-
439,462,527,462,527,480,439,480,углеводы
338,460,436,460,436,482,338,482,значения):
249,460,333,460,333,484,249,484,(средние
511,436,598,436,598,454,511,454,продукта
500,437,509,437,509,449,500,449,Г
460,434,496,434,496,451,460,451,100
434,439,457,439,457,453,434,453,на
343,439,431,439,431,455,343,455,ценность
250,435,339,435,339,454,250,454,Пищевая
271,366,363,366,363,403,271,403,Морс
372,364,576,364,576,403,372,403,брусничный
