231,1067,259,1067,259,1109,231,1109,6
268,1077,292,1077,292,1106,268,1106,Г
340,1065,523,1065,523,1109,340,1109,330-267
338,1017,524,1017,524,1062,338,1062,Артикул:
545,1025,637,1025,637,1105,545,1105,EAC
741,1062,772,1062,772,1087,741,1087,18
777,1062,806,1062,806,1088,777,1088,М
212,986,247,986,247,1005,212,1005,3-1,
249,985,314,985,314,1008,249,1008,район
314,983,419,983,419,1004,314,1004,Сялочжай,
420,983,438,983,438,999,420,999,г.
438,981,470,981,470,1003,438,1003,Иу.
472,980,526,980,526,1003,472,1003,пров.
527,976,612,976,612,998,527,998,Чжэцзян,
614,975,659,975,659,995,614,995,КНР.
210,962,361,962,361,982,210,982,Производитель:
361,959,439,959,439,983,361,983,Сиусиу
440,956,534,956,534,978,440,978,Джюэлри
535,953,572,953,572,975,535,975,Ко..
575,953,615,953,615,974,575,974,Лтд.
617,953,688,953,688,974,617,974,Адрес:
689,954,719,954,719,976,689,976,ул.
721,950,815,950,815,970,721,970,Линьцзян,
209,941,265,941,265,962,209,962,Срок
265,940,360,940,360,961,265,961,годности:
359,935,388,935,388,958,359,958,36
387,936,479,936,479,959,387,959,месяцев.
480,934,533,934,533,956,480,956,Дата
535,931,662,931,662,952,535,952,изготовления:
662,929,742,929,742,950,662,950,05.2018.
207,918,237,918,237,939,207,939,«O
238,916,380,916,380,937,238,937,безопасности
383,905,676,905,676,935,383,935,парфюмерно-косметической
679,906,799,906,799,927,679,927,продукции».
207,895,269,895,269,918,207,918,Товар
269,894,420,894,420,916,269,916,декларирован,
420,890,555,890,555,910,420,910,соответствует
555,886,685,886,685,910,555,910,требованиям
686,882,710,882,710,906,686,906,ТР
711,882,739,882,739,905,711,905,ТС
737,882,825,882,825,904,737,904,009/2011
206,863,294,863,294,886,206,886,Cl75470,
295,860,383,860,383,884,295,884,CI77891.
206,841,293,841,293,864,206,864,CI77499,
294,838,382,838,382,860,294,860,CI16035,
382,835,469,835,469,859,382,859,Cl77510.
469,835,555,835,555,857,469,857,Cl77007.
554,832,641,832,641,855,554,855,CI77742,
641,830,727,830,727,854,641,854,CI19140,
729,828,815,828,815,853,729,853,С142090,
204,821,310,821,310,843,204,843,каприлил
308,818,391,818,391,836,308,836,гликоль,
389,812,538,812,538,836,389,836,полиизобутен,
536,810,641,810,641,832,536,832,пигменты:
642,809,728,809,728,830,642,830,CI77491,
729,807,819,807,819,827,729,827,CI77492.
201,797,358,797,358,818,201,818,полиизобутен,
357,794,534,794,534,817,357,817,феноксиэтанол,
534,790,749,790,749,808,534,808,этилгексилглицерин,
202,776,328,776,328,797,202,797,диметикон,
328,772,442,772,442,793,328,793,этилгексил
443,769,557,769,557,791,443,791,пальмитат,
558,767,701,767,701,790,558,790,минеральное
703,765,785,765,785,788,703,788,масло.
201,749,288,749,288,773,201,773,Состав:
290,747,351,747,351,771,290,771,тальк,
351,746,430,746,430,770,351,770,слюда,
431,748,518,748,518,768,431,768,стереат
520,746,597,746,597,767,520,767,магния,
597,744,688,744,688,765,597,765,ДИОКСИД
690,742,767,742,767,763,690,763,титана,
429,680,527,680,527,725,429,725,ТОН
534,679,586,679,586,723,534,723,01
300,618,433,618,433,663,300,663,ТЕНИ
440,614,711,614,711,666,440,666,6-ЦВЕТНЫЕ
213,544,797,544,797,585,213,585,коллекция
238,444,479,444,479,536,238,536,###
507,443,779,443,779,527,507,527,LOOK
