629,1288,710,1288,710,1327,629,1327,ВОЛОС
431,1287,624,1287,624,1330,431,1330,ОСЛАБЛЕННЫХ
651,1241,739,1241,739,1298,651,1298,ПИТАНИЯ
438,1261,641,1261,641,1303,438,1303,ИНТЕНСИВНОГО
394,1242,434,1242,434,1276,394,1276,для
448,1209,692,1209,692,1257,448,1257,NUTRITION
600,1165,647,1165,647,1188,600,1188,OIL
487,1161,592,1161,592,1190,487,1190,POWER
492,1130,644,1130,644,1158,492,1158,Complex
498,986,621,986,621,1006,498,1006,кислотой
460,946,685,946,685,976,460,976,ГИАЛУРОНОВОЙ
437,950,451,950,451,966,437,966,И
557,851,738,851,738,910,557,910,АРГАНЫ
388,858,541,858,541,910,388,910,маслом
456,809,668,809,668,842,456,842,ЗАПОЛНЕНИЕ
613,616,714,616,714,643,613,643,ПИТАНИЕ
587,619,604,619,604,639,587,639,и
492,590,713,590,713,616,492,616,ВОССТАНОВЛЕНИЕ
482,542,722,542,722,581,482,581,OIL-INTENSIVE
624,496,723,496,723,533,624,533,СПРЕЙ
400,502,605,502,605,544,400,544,Двухфазный
400,442,724,442,724,491,400,491,+КОЛЛАГЕН
396,378,724,378,724,433,396,433,ГИАЛУРОН
496,254,625,254,625,305,496,305,Шелк
461,193,659,193,659,250,461,250,Золотой
