177,1232,320,1232,320,1247,177,1247,www.magnitcosmetic.ru.
140,1238,175,1238,175,1249,140,1249,сайте
123,1239,136,1239,136,1248,123,1248,на
833,1221,896,1221,896,1235,833,1235,Косметик»
778,1215,828,1215,828,1229,778,1229,«Магнит
737,1216,773,1216,773,1228,737,1228,акций
689,1214,735,1214,735,1226,689,1226,Больше
620,1216,685,1216,685,1226,620,1226,Косметик».
568,1214,617,1214,617,1226,568,1226,«Магнит
500,1217,564,1217,564,1227,500,1227,магазинов
338,1220,497,1220,497,1232,338,1232,продавцов-консультантов
328,1222,332,1222,332,1231,328,1231,у
261,1222,326,1222,326,1234,261,1234,уточняйте
219,1224,257,1224,257,1233,219,1233,акции
208,1225,216,1225,216,1233,208,1233,в
121,1224,205,1224,205,1236,121,1236,участвующий
816,1208,897,1208,897,1222,816,1222,ассортимент,
805,1208,811,1208,811,1218,805,1218,и
763,1207,799,1207,799,1216,763,1216,акции
678,1202,760,1202,760,1215,678,1215,Подробности
601,1204,675,1204,675,1214,601,1214,ограничено.
548,1204,596,1204,596,1212,548,1212,товаров
475,1204,544,1204,544,1214,475,1214,Количество
422,1205,471,1205,471,1217,422,1217,акциях.
378,1207,419,1207,419,1218,378,1218,других
367,1208,373,1208,373,1217,367,1217,е
280,1209,364,1209,364,1219,280,1219,участвующие
229,1210,277,1210,277,1222,229,1222,товары,
211,1212,226,1212,226,1219,211,1219,на
200,1210,208,1210,208,1220,200,1220,и
122,1212,196,1212,196,1223,122,1223,продукцию,
839,1196,897,1196,897,1208,839,1208,табачную
820,1195,833,1195,833,1206,820,1206,на
703,1191,815,1191,815,1205,703,1205,распространяется
685,1190,700,1190,700,1200,685,1200,не
645,1190,681,1190,681,1201,645,1201,также
633,1191,642,1191,642,1200,633,1200,а
586,1192,632,1192,632,1202,586,1202,скидок,
536,1192,583,1192,583,1200,536,1200,видами
482,1193,534,1193,534,1202,482,1202,другими
473,1194,478,1194,478,1201,473,1201,с
392,1194,469,1194,469,1204,392,1204,суммируется
373,1195,386,1195,386,1204,373,1204,не
326,1195,367,1195,367,1206,326,1206,скидка
301,1196,321,1196,321,1204,301,1204,что
236,1198,297,1198,297,1207,236,1207,внимание,
199,1194,233,1194,233,1204,199,1204,Ваше
129,1198,195,1198,195,1209,129,1209,Обращаем
621,1063,838,1063,838,1089,621,1089,ассортимент
538,1066,612,1066,612,1085,538,1085,весь
489,1064,530,1064,530,1084,489,1084,на
491,937,864,937,864,1052,491,1052,-20%*
770,246,916,246,916,269,770,269,КОСМЕТИК
771,215,881,215,881,239,771,239,МАГНИТ
112,222,314,222,314,257,112,257,каждого
327,224,492,224,492,262,327,262,месяца
222,155,488,155,488,215,222,215,числа
106,132,196,132,196,207,106,207,15
511,66,739,66,739,123,511,123,больше!
365,60,493,60,493,112,365,112,себе
108,56,351,56,351,107,108,107,Позволь
