1206,904,1226,904,1226,937,1206,937,Дата
1219,836,1245,836,1245,900,1219,900,розлива
1232,764,1250,764,1250,836,1232,836,указана
1239,740,1253,740,1253,761,1239,761,на
1238,656,1258,656,1258,738,1238,738,бутылке.
1186,899,1211,899,1211,938,1186,938,Срок
1202,820,1228,820,1228,900,1202,900,годности
1214,805,1230,805,1230,818,1214,818,6
1218,720,1234,720,1234,802,1218,802,месяцев
1222,705,1235,705,1235,718,1222,718,с
1223,653,1238,653,1238,703,1223,703,даты
1226,562,1243,562,1243,652,1226,652,розлива.
1170,843,1207,843,1207,940,1170,940,температуре
1194,821,1209,821,1209,840,1194,840,от
1196,791,1213,791,1213,815,1196,815,+4
1198,760,1214,760,1214,781,1198,781,°C
1203,732,1217,732,1217,758,1203,758,до
1202,692,1218,692,1218,729,1202,729,+23
1202,668,1219,668,1219,688,1202,688,°C
1206,639,1220,639,1220,663,1206,663,не
1209,563,1225,563,1225,637,1209,637,должен
1210,452,1226,452,1226,558,1210,558,превышать
1206,416,1225,416,1225,448,1206,448,3-х
1206,356,1226,356,1226,414,1206,414,суток.
1151,900,1177,900,1177,940,1151,940,Срок
1169,817,1195,817,1195,892,1169,892,хранения
1186,744,1198,744,1198,802,1186,802,после
1188,647,1203,647,1203,738,1188,738,вскрытия
1186,468,1206,468,1206,634,1186,634,потребительской
1189,406,1207,406,1207,458,1189,458,тары
1187,356,1208,356,1208,395,1187,395,при
1136,886,1163,886,1163,943,1136,943,прямых
1154,791,1178,791,1178,883,1154,883,солнечных
1165,729,1183,729,1183,789,1165,789,лучей.
1121,864,1150,864,1150,941,1121,941,влажности
1142,783,1164,783,1164,852,1142,852,воздуха
1151,748,1164,748,1164,770,1151,770,не
1154,682,1166,682,1166,737,1154,737,выше
1150,626,1168,626,1168,676,1150,676,85%,
1152,586,1168,586,1168,614,1152,614,не
1150,489,1173,489,1173,578,1150,578,допуская
1146,360,1168,360,1168,476,1146,476,воздействия
1100,878,1131,878,1131,942,1100,942,Хранить
1122,840,1139,840,1139,874,1122,874,при
1126,711,1153,711,1153,838,1126,838,температуре
1133,684,1151,684,1151,705,1133,705,от
1130,652,1149,652,1149,678,1130,678,+5
1130,626,1148,626,1148,649,1130,649,°C
1136,597,1150,597,1150,626,1136,626,до
1130,556,1149,556,1149,593,1130,593,+25
1129,530,1149,530,1149,551,1129,551,°С
1134,508,1149,508,1149,521,1134,521,и
1125,358,1147,358,1147,500,1125,500,относительной
1084,885,1113,885,1113,944,1084,944,первой
1101,772,1125,772,1125,880,1101,880,категории.
1063,903,1089,903,1089,947,1063,947,Вода
1081,789,1105,789,1105,884,1081,884,питьевая
1089,616,1110,616,1110,770,1089,770,«Малаховская
1091,552,1108,552,1108,601,1091,601,№1»
1090,361,1111,361,1111,536,1090,536,негазированная
1072,254,1127,254,1127,311,1072,311,EAC
1093,127,1109,127,1109,143,1093,143,РЕТ
1199,108,1251,108,1251,303,1199,303,2010002049806
1057,375,1077,375,1077,651,1057,651,###
1010,350,1042,350,1042,674,1010,674,НЕГАЗИРОВАННАЯ
930,101,988,101,988,148,930,148,Л
903,103,929,103,929,144,903,144,ОБЪЕМ
915,168,998,168,998,222,915,222,5
878,251,992,251,992,720,878,720,РОДНИК
718,119,883,119,883,903,718,903,КРИСТАЛЬНЫЙ
696,552,745,552,745,705,696,705,первой
697,313,740,313,740,546,697,546,категории
647,778,684,778,684,862,647,862,Вода
654,554,687,554,687,769,654,769,питьевая
642,248,686,248,686,547,642,547,"Малаховская
634,147,679,147,679,244,634,244,№1"
557,890,570,890,570,900,557,900,###
557,863,570,863,570,889,557,889,800
556,834,571,834,571,862,556,862,200
556,787,574,787,574,831,556,831,9002.
555,728,572,728,572,784,555,784,Звонок
555,632,574,632,574,725,555,725,бесплатный.
534,932,550,932,550,980,534,980,Отзывы
540,920,550,920,550,932,540,932,о
537,841,555,841,555,920,537,920,продукции
542,750,554,750,554,840,542,840,принимаем
542,728,554,728,554,746,542,746,по
537,652,554,652,554,724,537,724,телефону
536,585,557,585,557,651,536,651,горячей
540,528,554,528,554,584,540,584,линии:
518,799,535,799,535,852,518,852,e-mail:
521,681,537,681,537,797,521,797,info@magnit.ru
502,824,520,824,520,948,502,948,ул.Леваневского,
500,790,521,790,521,821,500,821,185,
506,712,519,712,519,787,506,787,тел./факс:
504,698,519,698,519,710,504,710,8
504,658,521,658,521,696,504,696,(861)
503,577,522,577,522,656,503,656,210-98-10,
484,820,504,820,504,883,484,883,350002,
482,763,503,763,503,817,482,817,Россия,
487,657,502,657,502,760,487,760,г.Краснодар,
466,789,482,789,482,895,466,895,Изготовлено
469,759,486,759,486,787,469,787,для
467,730,484,730,484,753,467,753,АО
467,642,484,642,484,726,467,726,«ТАНДЕР»
438,720,454,720,454,820,438,820,г.Ярославль.
417,897,436,897,436,960,417,960,Источник
420,852,436,852,436,895,420,895,воды:
422,743,437,743,437,851,422,851,артезианские
422,662,433,662,433,740,422,740,скважины
418,629,436,629,436,663,418,663,№1,
419,596,437,596,437,627,419,627,№2,
420,568,437,568,437,595,420,595,№3
400,921,418,921,418,964,400,964,150066,
402,869,417,869,417,920,402,920,Россия,
401,775,420,775,420,867,401,867,г.Ярославль,
402,751,420,751,420,772,402,772,ул.
400,725,417,725,417,749,400,749,1-я
400,556,416,556,416,722,400,722,###
380,896,398,896,398,929,380,929,(ЯН)
378,855,396,855,396,892,378,892,ООО
380,741,400,741,400,852,380,852,«Ярославский
381,695,398,695,398,743,381,743,завод
386,612,400,612,400,697,386,697,напитков»
365,883,380,883,380,968,365,968,п.Малаховка
364,781,380,781,380,881,364,881,Люберецкого
362,724,378,724,378,780,362,780,района
360,626,379,626,379,720,360,720,Московской
362,562,380,562,380,628,362,628,области.
344,871,362,871,362,940,344,940,Источник
348,824,362,824,362,870,348,870,воды:
349,715,364,715,364,821,349,821,артезианская
348,635,360,635,360,712,348,712,скважина
345,602,363,602,363,634,345,634,№1,
326,788,341,788,341,897,326,897,п.Малаховка,
324,653,344,653,344,788,324,788,###
307,919,328,919,328,972,307,972,140032,
308,866,325,866,325,920,308,920,Россия,
304,768,325,768,325,866,304,866,Московская
308,699,325,699,325,767,308,767,область,
306,596,324,596,324,697,306,697,Люберецкий
308,562,327,562,327,593,308,593,р-н,
290,928,308,928,308,960,290,960,(ПК)
288,891,305,891,305,926,288,926,ООО
288,735,308,735,308,888,288,888,###
289,654,304,654,304,732,289,732,компания
285,581,304,581,304,653,285,653,«ЛИДЕР»
268,717,285,717,285,840,268,840,Изготовитель:
552,359,571,359,571,427,552,427,Общая
554,255,572,255,572,356,554,356,жесткость
557,244,567,244,567,255,557,255,###
553,218,570,218,570,239,553,239,не
548,153,568,153,568,213,548,213,более
547,126,567,126,567,151,547,151,1,0
545,52,566,52,566,124,545,124,мг-экв./л
529,340,550,340,550,407,529,407,Общая
531,179,550,179,550,335,531,335,минерализация
534,167,543,167,543,180,534,180,###
528,106,547,106,547,163,528,163,50-500
526,67,544,67,544,105,526,105,мг/л
508,312,527,312,527,399,508,399,Фториды
502,187,521,187,521,204,502,204,F
500,79,520,79,520,118,500,118,###
474,325,493,325,493,397,474,397,Магний
463,151,495,151,495,204,463,204,###
472,82,488,82,488,117,472,117,###
443,338,465,338,465,396,443,396,Калий
436,176,460,176,460,203,436,203,К+
441,81,460,81,460,115,441,115,###
414,304,436,304,436,394,414,394,Сульфаты
403,148,434,148,434,202,403,202,###
412,73,431,73,431,112,412,112,≤250
380,311,404,311,404,392,380,392,Кальций
371,151,400,151,400,200,371,200,###
383,79,400,79,400,113,383,113,###
352,307,375,307,375,395,352,395,Хлориды
350,168,369,168,369,200,350,200,###
352,67,371,67,371,113,352,113,≤250
320,235,342,235,342,392,320,392,Гидрокарбонаты
312,143,343,143,343,198,312,198,###
320,66,340,66,340,111,320,111,###
290,189,307,189,307,245,290,245,мг/л:
265,312,291,312,291,439,265,439,Содержание
271,208,287,208,287,307,271,307,основных
272,127,287,127,287,208,272,208,анионов
273,115,288,115,288,127,273,127,и
273,27,295,27,295,115,273,115,катионов,
