330,1169,344,1169,344,1187,330,1187,le
348,1174,405,1174,405,1195,348,1195,bienfait
365,1162,402,1162,402,1178,365,1178,сила
410,1182,438,1182,438,1198,410,1198,des
443,1182,522,1182,522,1198,443,1198,PLANTES
530,1165,641,1165,641,1196,530,1196,MEDICINALES
514,1152,605,1152,605,1179,514,1179,РАСТЕНИЙ
408,1162,507,1162,507,1181,408,1181,ЦЕЛЕБНЫХ
409,1128,560,1128,560,1158,409,1158,Phytoenergy
329,823,394,823,394,847,329,847,Airelle
401,831,461,831,461,853,401,853,rouge
468,826,484,826,484,848,468,848,&
493,821,603,821,603,846,493,846,Chelidoine
398,798,508,798,508,827,398,827,Брусника
515,803,528,803,528,821,515,821,И
537,796,639,796,639,820,537,820,Чистотел
427,760,473,760,473,785,427,785,pour
477,759,538,759,538,781,477,781,peaux
542,755,618,755,618,781,542,781,grasses
374,728,432,728,432,753,374,753,Lotion
438,727,527,727,527,752,438,752,tonifiante
279,679,370,679,370,719,279,719,Тоник
378,693,440,693,440,723,378,723,ДЛЯ
450,681,577,681,577,726,450,726,жирной
587,682,664,682,664,718,587,718,КОЖИ
374,642,488,642,488,664,374,664,"ФОРМУЛА
494,634,573,634,573,664,494,664,ТАЙГИ"
316,551,437,551,437,628,316,628,Green
440,549,569,549,569,619,440,619,Mama
