986,265,1021,265,1021,335,986,335,2118974
902,740,950,740,950,798,902,798,500
930,682,961,682,961,731,930,731,мл
847,349,887,349,887,553,847,553,Balance-IQ
829,562,883,562,883,773,829,773,Технология
715,767,756,767,756,812,715,812,Без
729,562,780,562,780,761,729,761,утяжеления
655,799,688,799,688,814,655,814,В
660,780,695,780,695,795,660,795,3
672,708,706,708,706,774,672,774,раза
670,605,715,605,715,704,670,704,более
686,480,717,480,717,601,686,601,легкое
667,242,724,242,724,475,667,475,###
603,679,647,679,647,822,603,822,кончиков
535,793,579,793,579,824,535,824,До
538,718,581,718,581,786,538,786,90%
341,836,927,836,927,949,341,949,PURE
554,570,587,570,587,711,554,711,меньше
552,359,597,359,597,563,552,563,секущихся
430,535,487,535,487,832,430,832,КОНЧИКАХ
371,815,415,815,415,839,371,839,У
360,580,421,580,421,800,360,800,КОРНЕЙ
370,523,422,523,422,565,370,565,и
370,303,422,303,422,510,370,510,сухих
366,218,416,218,416,292,366,292,НА
299,220,356,220,356,490,299,490,ЖИРНЫХ
305,509,361,509,361,733,305,733,ВОЛОС,
307,752,363,752,363,844,307,844,для
87,893,284,893,284,968,87,968,&
1,927,47,927,47,982,1,982,###
179,788,236,788,236,853,179,853,02
176,406,231,406,231,763,176,763,БАЛЬЗАМ
1,821,54,821,54,857,1,857,###
1,531,46,531,46,801,1,801,###
