949,684,983,684,983,711,949,711,50
954,589,993,589,993,681,954,681,мл/ml
993,351,1045,351,1045,678,993,678,www.faberlic.com
966,517,993,517,993,559,966,559,12М
944,411,984,411,984,481,944,481,2117
963,350,986,350,986,387,963,387,LDPE,
957,319,979,319,979,347,957,347,HOPE
881,693,908,693,908,739,881,739,###
885,741,896,741,896,749,885,749,###
857,744,867,744,867,751,857,751,###
808,748,818,748,818,754,808,754,###
890,596,914,596,914,688,890,688,contact
887,535,912,535,912,592,887,592,with
890,472,914,472,914,531,890,531,eyes
854,660,884,660,884,741,854,741,###
824,686,850,686,850,742,824,742,before
800,695,828,695,828,743,800,743,Apply
830,644,851,644,851,683,830,683,sun
860,587,884,587,884,656,860,656,every
854,567,878,567,878,583,854,583,2
827,525,853,525,853,640,827,640,exposure
857,492,879,492,879,563,857,563,hours
854,458,876,458,876,488,854,488,of
854,414,878,414,878,456,854,456,sun
848,320,878,320,878,410,848,410,exposure
773,654,799,654,799,746,773,746,оболочку
799,560,829,560,829,692,799,692,generously
773,595,795,595,795,649,773,649,глаз
797,524,822,524,822,556,797,556,all
796,462,821,462,821,523,796,523,over
797,393,826,393,826,459,797,459,face,
755,752,765,752,765,759,755,759,###
706,755,714,755,714,762,706,762,###
653,759,668,759,668,766,653,766,###
747,643,770,643,770,748,747,748,Избегайте
721,674,745,674,745,750,721,750,каждые
694,719,721,719,721,750,694,750,Для
672,691,694,691,694,755,672,755,перед
717,655,741,655,741,670,717,670,2
718,586,740,586,740,651,718,651,часа
740,495,768,495,768,638,740,638,попадания
742,454,766,454,766,490,742,490,на
739,328,764,328,764,450,739,450,слизистую
691,542,718,542,718,716,691,716,поддержания
664,578,687,578,687,686,664,686,выходом
663,540,682,540,682,575,663,575,на
690,443,711,443,711,539,690,539,защиты
662,438,683,438,683,536,662,536,солнце
681,304,714,304,714,442,681,442,используйте
641,653,668,653,668,755,641,755,Наносите
602,647,637,647,637,750,602,750,Способ
635,523,668,523,668,646,635,646,средство
635,483,656,483,656,518,635,518,на
635,392,661,392,661,480,635,480,чистую
634,332,661,332,661,387,634,387,кожу
598,297,630,297,630,643,598,643,###
583,764,596,764,596,771,583,771,###
535,767,546,767,546,775,535,775,###
485,771,499,771,499,779,485,779,###
417,774,430,774,430,784,417,784,###
367,775,379,775,379,786,367,786,###
567,600,597,600,597,757,567,757,Увлажненная,
554,747,571,747,571,760,554,760,###
543,614,570,614,570,745,543,745,пигментных
562,512,586,512,586,593,562,593,более
563,424,582,424,582,509,563,509,мягкая
564,356,586,356,586,419,564,419,кожа
538,534,557,534,557,609,538,609,пятен,
537,398,557,398,557,527,537,527,вызванных
539,300,564,300,564,393,539,393,солнцем
515,553,548,553,548,760,515,760,Предотвращение
504,750,522,750,522,761,504,761,###
487,504,519,504,519,748,487,748,преждевременного
513,416,535,416,535,547,513,547,ПОЯВЛЕНИЯ
513,319,536,319,536,413,513,413,морщин
485,382,507,382,507,500,485,500,старения
488,320,511,320,511,377,488,377,кожи
462,416,478,416,478,503,462,503,ожогов
463,511,481,511,481,647,463,647,солнечных
464,651,483,651,483,676,464,676,от
467,681,496,681,496,763,467,763,Защита
425,449,457,449,457,595,425,595,Результат
407,739,427,739,427,768,407,768,Не
382,743,401,743,401,766,382,766,не
395,602,421,602,421,735,395,735,смывается
371,630,395,630,395,737,371,737,оставляя
346,618,379,618,379,767,346,767,Равномерно
318,686,337,686,337,707,318,707,и
395,583,409,583,409,597,395,597,В
389,466,414,466,414,577,389,577,морской
392,401,414,401,414,462,392,462,воде
364,540,386,540,386,624,364,624,липкой
369,447,386,447,386,536,369,536,пленки
369,428,385,428,385,444,369,444,и
364,351,388,351,388,422,364,422,белых
374,276,401,276,401,346,374,346,следов
316,493,338,493,338,679,316,679,комфортная
286,571,311,571,311,684,286,684,Легкая,
282,373,308,373,308,563,282,563,водостойкая
344,404,365,404,365,613,344,613,распределяется
346,368,361,368,361,399,346,399,no
346,302,371,302,371,364,346,364,коже,
310,348,337,348,337,487,310,487,формула
270,727,294,727,294,789,270,789,кожи.
242,688,270,688,270,790,242,790,приводят
221,693,250,693,250,792,221,792,спектра
199,675,225,675,225,792,199,792,Средство
241,669,256,669,256,682,241,682,###
214,636,237,636,237,689,214,689,UVA,
240,418,258,418,258,665,240,665,преждевременному
238,295,267,295,267,412,238,412,старению
214,583,233,583,233,629,214,629,UVB
218,560,232,560,232,575,218,575,и
214,509,233,509,233,554,214,554,HEV
213,425,234,425,234,503,213,503,лучей,
217,324,236,324,236,420,217,420,которые
198,544,213,544,213,672,198,672,защищает
198,477,215,477,215,541,198,541,кожу
198,447,212,447,212,471,198,471,от
196,324,216,324,216,441,196,441,широкого
170,341,190,341,190,413,170,413,кожи
171,670,195,670,195,722,171,722,для
173,570,192,570,192,665,173,665,слегка
169,420,191,420,191,563,169,563,загорелой
147,423,168,423,168,637,147,637,Рекомендуется
93,738,118,738,118,779,93,779,SPF
78,617,138,617,138,724,78,724,15
120,566,138,566,138,608,120,608,Sun
119,432,140,432,140,558,119,558,protection
119,371,137,371,137,427,119,427,face
121,287,141,287,141,363,121,363,cream
95,354,117,354,117,608,95,608,СОЛНЦЕЗАЩИТНЫЙ
83,543,98,543,98,608,83,608,КРЕМ
77,481,99,481,99,536,77,536,для
78,403,96,403,96,475,78,475,ЛИЦА
