300,254,312,254,312,267,300,267,9'
299,237,310,237,310,254,299,254,20
580,262,611,262,611,340,580,340,СКУПКА!
617,273,633,273,633,331,617,331,###
634,275,650,275,650,341,634,341,###
632,264,646,264,646,275,632,275,###
648,262,665,262,665,340,648,340,###
664,262,681,262,681,339,664,339,###
681,272,697,272,697,330,681,330,###
699,315,714,315,714,329,699,329,###
696,267,713,267,713,314,696,314,золота
714,268,728,268,728,331,714,331,###
677,143,688,143,688,189,677,189,PECO
662,144,681,144,681,191,662,191,РЕСО
687,139,703,139,703,207,687,207,СТРАХОВАНИЕ
705,179,713,179,713,208,705,208,###
714,179,721,179,721,209,714,209,###
720,173,728,173,728,206,720,206,###
719,168,729,168,729,175,719,175,###
717,151,728,151,728,170,717,170,###
728,180,737,180,737,202,728,202,###
727,172,737,172,737,180,727,180,###
726,138,736,138,736,172,726,172,###
686,23,698,23,698,66,686,66,###
710,11,721,11,721,66,710,66,ТИПОГРАФИЯ
840,39,882,39,882,147,840,147,ХЕНД
851,156,867,156,867,182,851,182,l
793,190,901,190,901,593,793,593,секОнд
868,634,883,634,883,687,868,687,НЕДЕЛЮ
850,594,863,594,863,687,850,687,КАЖДУЮ
832,594,849,594,849,685,832,685,ПОСТУПЛЕНИЕ
815,641,831,641,831,685,815,685,НОВОЕ
806,876,999,876,999,912,806,912,СЕКОНД
809,850,1003,850,1003,877,809,877,ОТКРЫТО
521,733,582,733,582,892,521,892,ФИТНЕС
505,618,563,618,563,723,505,723,КЛУБ
577,377,743,377,743,412,577,412,СМАРТЛОМБАРД
479,277,518,277,518,368,479,368,ТЕЛА
435,227,489,227,489,413,435,413,СКУЛЬПТОР
