706,633,911,633,911,665,706,665,УКРЕПЛЯЮЩИЙ
523,628,699,628,699,658,523,658,КРЕМ-ФИЛЛЕР
452,621,516,621,516,648,452,648,ПРОТИВ
412,613,451,613,451,639,412,639,морщин
965,608,1038,608,1038,625,965,625,тенсивно
853,608,964,608,964,628,853,628,увлажняет
734,608,850,608,850,632,734,632,глубокие
668,605,729,605,729,628,668,628,слои
595,601,661,601,661,624,595,624,кожи,
476,594,589,594,589,620,476,620,возвращает
411,585,471,585,471,612,411,612,необходим
958,578,1015,578,1015,598,958,598,заметно
827,576,953,576,953,600,827,600,моделирует
764,579,821,579,821,599,764,599,овал
691,576,758,576,758,597,691,597,лица.
549,569,685,569,685,599,549,599,Редуцирует
467,566,542,566,542,591,467,591,глубокие
419,563,464,563,464,584,419,584,морщины
958,548,1039,548,1039,568,958,568,ИМЕНЕНИЕ:
838,546,954,546,954,565,838,565,ежедневно
757,539,834,539,834,564,757,564,утром
738,545,751,545,751,563,738,563,и
622,539,730,539,730,560,622,560,вечером
518,537,618,537,618,558,518,558,наносить
494,538,516,538,516,555,494,555,на
425,536,491,536,491,554,425,554,очищенную
881,515,949,515,949,532,881,532,ПРОДУКТ
763,510,877,510,877,532,763,532,ТЕСТИРОВАН
568,503,759,503,759,528,568,528,ДЕРМАТОЛОГИЧЕСКИ
493,506,555,506,555,524,493,524,ПРОДУКТ
560,512,564,512,564,519,560,519,###
433,508,491,508,491,524,433,524,ТЕСТОВАНИЙ
937,492,955,492,955,511,937,511,RU
818,485,932,485,932,510,818,510,Изготовитель:
787,486,815,486,815,504,787,504,АО
706,482,784,482,784,506,706,506,ЭВЕЛИН
590,480,700,480,700,502,590,502,КОСМЕТИКС
547,480,588,480,588,497,547,497,сп.к.,
498,485,545,485,545,501,498,501,05-506
438,485,496,485,496,500,438,500,Лешноволя,
977,449,1000,449,1000,471,977,471,###
924,445,974,445,974,466,924,466,Выпуска
899,446,912,446,912,464,899,464,5N
840,441,892,441,892,459,840,459,партии
778,439,825,439,825,456,778,456,Годен
827,439,838,439,838,459,827,459,/
915,444,923,444,923,465,915,465,/
748,436,774,436,774,455,748,455,до:
721,438,744,438,744,452,721,452,###
637,435,717,435,717,453,637,453,упаковку.
594,436,634,436,634,453,594,453,Дата
457,461,519,461,519,480,457,480,Лешноволя
522,457,575,457,575,480,522,480,05-506
501,439,592,439,592,452,501,452,###
