493,1178,572,1178,572,1205,493,1205,22000.
425,1188,483,1188,483,1213,425,1213,ИСО
400,1190,415,1190,415,1214,400,1214,Р
324,1186,391,1186,391,1210,324,1210,ГОСТ
570,1122,711,1122,711,1172,570,1172,соответствие
533,1160,560,1160,560,1178,533,1178,на
299,1162,524,1162,524,1190,299,1190,сертифицирована
179,1138,290,1138,290,1178,179,1178,продукции
627,1091,715,1091,715,1139,627,1139,пищевой
453,1122,616,1122,616,1160,453,1160,безопасности
272,1134,444,1134,444,1162,272,1162,менеджмента
173,1109,265,1109,265,1148,173,1148,Система
487,1047,592,1047,592,1081,487,1081,изделий.
299,1061,468,1061,468,1087,299,1087,кондитерских
506,1014,662,1014,662,1052,506,1052,изготовления
427,1038,499,1038,499,1058,427,1058,пищу,
404,1040,418,1040,418,1055,404,1055,В
224,1028,394,1028,394,1056,224,1056,употребления
446,987,675,987,675,1030,446,1030,непосредственного
388,1013,434,1013,434,1034,388,1034,для
210,1000,380,1000,380,1029,210,1029,предназначен
600,957,685,957,685,992,600,992,продукт
427,973,592,973,592,1006,427,1006,применению:
388,984,416,984,416,1003,388,1003,по
201,968,378,968,378,1002,201,1002,Рекомендации
507,924,568,924,568,946,507,946,ккал.
393,926,497,926,497,952,393,952,кДж/300
324,925,384,925,384,950,324,950,1250
587,878,691,878,691,917,587,917,продукта:
568,898,580,898,580,914,568,914,Г
519,896,560,896,560,918,519,918,100
309,898,508,898,508,925,309,925,(калорийность)
193,893,301,893,301,920,193,920,ценность
537,848,714,848,714,890,537,890,Энергетическая
515,875,528,875,528,894,515,894,г.
452,873,506,873,506,897,452,897,53,0
312,875,444,875,444,899,312,899,углеводов
287,873,302,873,302,893,287,893,г;
228,864,276,864,276,892,228,892,4,25
168,858,219,858,219,888,168,888,жира
581,826,698,826,698,860,581,860,молочного
551,843,572,843,572,864,551,864,ч.
528,846,544,846,544,865,528,865,т.
506,850,520,850,520,865,506,865,В
481,850,496,850,496,870,481,870,Г,
433,844,474,844,474,869,433,869,8,5
344,849,424,849,424,871,344,871,жиров
320,848,336,848,336,870,320,870,г;
271,839,308,839,308,865,271,865,2,7
186,833,265,833,265,861,186,861,белков
553,803,673,803,673,841,553,841,продукта:
531,818,544,818,544,835,531,835,г
476,817,525,817,525,840,476,840,100
336,822,468,822,468,841,336,841,ценность
210,808,328,808,328,838,210,838,Пищевая
473,746,651,746,651,788,473,788,токоферолов).
384,765,464,765,464,785,384,785,смеси
231,764,375,764,375,786,231,786,концентрат
660,729,672,729,672,738,660,738,###
454,730,653,730,653,755,454,755,антиокислитель
313,737,443,737,443,762,313,762,рапсовое,
211,734,301,734,301,756,211,756,соевое,
529,692,702,692,702,728,529,728,подсолнечное,
396,706,518,706,518,731,396,731,фракции,
344,707,386,707,386,730,344,730,его
321,710,335,710,335,727,321,727,и
180,702,313,702,313,726,180,726,пальмовое
646,667,701,667,701,691,646,691,виде:
372,672,635,672,635,703,372,703,модифицированном
348,681,362,681,362,698,348,698,И
179,673,340,673,340,699,179,699,натуральном
694,641,708,641,708,657,694,657,В
619,641,688,641,688,668,619,668,масла
427,642,612,642,612,674,427,674,растительные
172,645,417,645,417,670,172,670,дезодорированные
435,611,673,611,673,646,435,646,(рафинированные
356,619,425,619,425,646,356,646,жира
214,620,348,620,348,642,214,642,молочного
603,582,730,582,730,611,603,611,заменитель
478,589,592,589,592,614,478,614,цельное,
392,589,466,589,466,617,392,617,сухое
284,592,380,592,380,614,284,614,молоко
148,579,277,579,277,614,148,614,(сахароза),
623,555,687,555,687,578,623,578,сахар
414,559,612,559,612,584,414,584,обезжиренное,
307,562,404,562,404,582,307,582,МОЛОКО
194,550,297,550,297,582,194,582,Состав:
404,499,569,499,569,522,404,522,31703-2012.
316,498,395,498,395,521,316,521,ГОСТ
626,467,691,467,691,497,626,497,фазе.
505,465,616,465,616,495,505,495,жировой
478,471,496,471,496,491,478,491,В
410,466,470,466,470,492,410,492,50%
329,472,401,472,401,494,329,494,жира
188,470,322,470,322,493,188,493,молочного
662,440,717,440,717,463,662,463,доля
532,434,656,434,656,462,532,462,Массовая
447,434,521,434,521,462,447,462,8,5%.
366,440,438,440,438,465,366,465,жира
288,440,356,440,356,463,288,463,доля
161,435,282,435,282,462,161,462,Массовая
580,376,708,376,708,405,580,405,сахаром".
557,379,572,379,572,402,557,402,с
408,371,548,371,548,400,408,400,"Варенка
324,378,398,378,398,400,324,400,жира
169,379,314,379,314,398,169,398,молочного
497,347,678,347,678,371,497,371,заменителем
473,345,487,345,487,366,473,366,с
328,345,461,345,461,368,328,368,вареные
200,346,320,346,320,372,200,372,сахаром
731,322,742,322,742,346,731,346,c
580,310,724,310,724,344,580,344,сгущённые
272,314,572,314,572,341,272,341,молокосодержащие
134,313,262,313,262,339,134,339,Консервы
