374,1115,391,1115,391,1148,374,1148,~
394,1131,513,1131,513,1187,394,1187,010002
529,1142,664,1142,664,1188,529,1188,210503
460,1034,503,1034,503,1054,460,1054,LDPE
616,1028,630,1028,630,1044,616,1044,6
632,1028,645,1028,645,1044,632,1044,М
391,982,438,982,438,1046,391,1046,EAC
472,1002,487,1002,487,1023,472,1023,4
577,935,597,935,597,957,577,957,70
598,938,624,938,624,955,598,955,мл
412,936,517,936,517,957,412,957,Номинальный
518,939,573,939,573,959,518,959,объем:
495,916,593,916,593,934,495,934,бесплатный.
439,916,493,916,493,935,439,935,Звонок
451,898,581,898,581,916,451,916,8-800-200-900-2
410,883,427,883,427,899,410,899,по
429,885,506,885,506,900,429,900,телефону
507,883,570,883,570,900,507,900,горячей
572,884,621,884,621,899,572,899,линии:
398,865,453,865,453,884,398,884,Отзывы
453,867,466,867,466,884,453,884,о
467,869,549,869,549,884,467,884,продукции
552,869,637,869,637,885,552,885,принимаем
432,850,484,850,484,868,432,868,e-mail:
485,851,601,851,601,869,485,869,info@magnit.ru
408,833,481,833,481,853,408,853,тел/факс:
483,831,622,831,622,852,483,852,###
375,814,386,814,386,833,375,833,г.
385,814,462,814,462,837,385,837,Краснодар,
465,818,484,818,484,838,465,838,ул
491,818,518,818,518,835,491,835,им.
521,816,629,816,629,834,521,834,Леваневского.
632,815,662,815,662,832,632,832,185,
360,796,433,796,433,818,360,818,Изготовлено
435,802,465,802,465,818,435,818,для
467,797,487,797,487,819,467,819,АО
490,798,567,798,567,817,490,817,«Тандер».
569,799,626,799,626,817,569,817,350002.
630,798,683,798,683,816,630,816,Россия,
368,776,440,776,440,796,368,796,Таллинское
442,781,496,781,496,796,442,796,шоссе,
496,780,515,780,515,797,496,797,Д.
515,778,550,778,550,797,515,797,153,
553,779,604,779,604,799,553,799,корпус
607,776,623,776,623,796,607,796,3.
623,777,653,777,653,795,623,795,лит.
653,774,670,774,670,794,653,794,Б.
387,766,401,766,401,778,387,778,г.
402,763,532,763,532,780,402,780,Санкт-Петербург,
531,761,642,761,642,779,531,779,Старо-Паново.
378,746,419,746,419,764,378,764,Адрес
421,748,531,748,531,765,421,765,производства:
534,745,594,745,594,762,534,762,198205,
596,745,652,745,652,763,596,763,Россия,
447,731,483,731,483,746,447,746,пом.
484,727,496,727,496,744,484,744,7
498,727,516,727,516,745,498,745,H,
517,728,560,728,560,745,517,745,офис
560,727,577,727,577,745,560,745,1.
353,714,365,714,365,732,353,732,г.
363,711,481,711,481,730,363,730,Санкт-Петербург,
481,708,566,708,566,731,481,731,Ленинский
566,712,590,712,590,730,566,730,пр,
592,712,607,712,607,730,592,730,д.
605,709,639,709,639,729,605,729,121.
640,714,670,714,670,728,640,728,лит.
668,710,685,710,685,729,668,729,А,
356,697,449,697,449,713,356,713,Изготовитель:
452,695,483,695,483,712,452,712,000
487,695,562,695,562,711,487,711,«Синтез»,
564,695,622,695,622,711,564,711,Россия,
626,694,679,694,679,712,626,712,198207,
428,683,495,683,495,697,428,697,указаны
494,680,516,680,516,695,494,695,на
517,681,551,681,551,696,517,696,шве
552,679,593,679,593,695,552,695,тубы.
379,664,415,664,415,681,379,681,Дата
417,667,524,667,524,680,417,680,изготовления
524,664,536,664,536,680,524,680,и
539,667,587,667,587,683,539,683,номер
587,663,650,663,650,681,587,681,партии:
445,646,487,646,487,662,445,662,ГОСТ
489,644,578,644,578,663,489,663,31460-2012
410,628,452,628,452,649,410,649,Срок
452,630,527,630,527,647,452,647,годности:
529,628,551,628,551,647,529,647,24
552,631,610,631,610,647,552,647,месяца.
414,611,474,611,474,628,414,628,прямых
474,610,556,610,556,623,474,623,солнечных
558,609,606,609,606,625,558,625,лучей.
360,598,375,598,375,613,360,613,не
377,596,443,596,443,611,377,611,допуская
445,593,562,593,562,610,445,610,замораживания
562,592,576,592,576,610,562,610,и
577,593,668,593,668,610,577,610,воздействия
349,581,368,581,368,599,349,599,0°C
369,584,387,584,387,596,369,596,до
390,577,436,577,436,594,390,594,+25°C.
437,580,484,580,484,595,437,595,вдали
484,579,503,579,503,592,484,592,от
505,576,609,576,609,594,505,594,отопительных
609,578,679,578,679,596,609,596,приборов.
347,565,399,565,399,581,347,581,Условия
401,563,477,563,477,580,401,580,хранения:
478,563,541,563,541,578,478,578,хранить
539,562,569,562,569,579,539,579,при
571,562,664,562,664,579,571,579,температуре
664,565,686,565,686,580,664,580,от
401,544,621,544,621,561,401,561,2-метил-4-изотиазолин-3-он.
604,532,648,532,648,547,604,547,спирт.
511,527,602,527,602,543,511,543,бензиловый
372,527,512,527,512,546,372,546,гексилциннамаль),
574,513,670,513,670,533,574,533,цитронеллол,
350,515,572,515,572,535,350,535,бутилфенилметилпропиональ,
545,494,669,494,669,518,545,518,(бензилсалициат,
351,498,452,498,452,518,351,518,парфюмерная
454,497,544,497,544,512,454,512,композиция
374,480,464,480,464,502,374,502,токоферола
465,481,518,481,518,498,465,498,ацетат
523,482,569,482,569,496,523,496,холин
569,480,648,480,648,500,569,500,битартрат,
367,464,472,464,472,485,367,485,цетеариловый
474,465,520,465,520,482,474,482,спирт,
521,464,570,464,570,482,521,482,масло
572,465,655,465,655,485,572,485,пальмовое,
339,452,427,452,427,474,339,474,стеариновая,
430,449,508,449,508,465,430,465,глицерин,
508,448,602,448,602,466,508,466,моностеарат
605,453,685,453,685,471,605,471,глицерина.
585,436,647,436,647,453,585,453,кислота
482,434,583,434,583,452,482,452,минеральное,
431,435,481,435,481,449,431,449,масло
373,436,430,436,430,452,373,452,соевое,
339,420,391,420,391,439,339,439,Состав:
392,421,429,421,429,436,392,436,вода
431,419,504,419,504,435,431,435,питьевая,
507,418,552,418,552,435,507,435,масло
555,418,634,418,634,437,555,437,оливковое,
638,425,682,425,682,438,638,438,масло
463,404,555,404,555,420,463,420,впитывания.
344,390,395,390,395,409,344,409,чистую
398,388,443,388,443,404,398,404,сухую
445,386,483,386,483,405,445,405,кожу
485,387,513,387,513,406,485,406,рук
515,388,528,388,528,404,515,404,и
527,387,593,387,593,405,527,405,оставить
593,390,614,390,614,406,593,406,до
615,389,676,389,676,407,615,407,полного
343,374,386,374,386,394,343,394,крема
386,371,450,371,450,387,386,387,нанести
452,370,565,370,565,389,452,389,массирующими
565,373,655,373,655,390,565,390,движениями
657,378,679,378,679,391,657,391,на
348,355,400,355,400,375,348,375,Способ
402,356,502,356,502,373,402,373,применения:
501,356,585,356,585,374,501,374,небольшое
586,358,669,358,669,376,586,376,количество
365,340,407,340,407,359,365,359,Крем
407,341,437,341,437,355,407,355,для
438,340,470,340,470,355,438,355,рук
469,340,554,340,554,357,469,357,"LaFRESH"
557,345,654,345,654,360,557,360,питательный
440,161,559,161,559,252,440,252,la
383,226,620,226,620,327,383,327,fresh
457,114,491,114,491,141,457,141,###
513,113,550,113,550,142,513,142,18
583,115,622,115,622,147,583,147,###
