628,1117,682,1117,682,1134,628,1134,67356700
601,1089,686,1089,686,1110,601,1110,ОБЪЕМА
484,1091,596,1091,596,1113,484,1113,СОЗДАНИЯ
440,1086,479,1086,479,1107,440,1107,для
514,1057,687,1057,687,1086,514,1086,ШАМПУНЬ
584,974,673,974,673,1003,584,1003,корней
570,954,598,954,598,972,570,972,от
605,950,681,950,681,971,605,971,самых
589,918,681,918,681,945,589,945,объема
589,893,683,893,683,915,589,915,больше
525,900,583,900,583,921,525,921,раза
502,895,521,895,521,917,502,917,2
478,893,498,893,498,915,478,915,B
476,841,493,841,493,858,476,858,с
499,835,684,835,684,857,499,857,КОЛЛАГЕНОМ
521,753,691,753,691,790,521,790,VOLUME
482,724,693,724,693,752,482,752,BEAUTY-FULL
379,658,479,658,479,790,379,790,В
430,580,564,580,564,706,430,706,###
368,430,590,430,590,463,368,463,МИЦЕЛЛЯРНАЯ
368,463,500,463,500,482,368,482,ТЕХНОЛОГИЯ
647,404,723,404,723,433,647,433,NEW
406,341,527,341,527,373,406,373,SINCE
545,336,650,336,650,371,545,371,048
364,288,424,288,424,313,364,313,USED
435,286,464,286,464,310,435,310,BY
478,278,696,278,696,306,478,306,PROFESSIONALS
359,172,694,172,694,251,359,251,TRESemme
