189,1269,265,1269,265,1311,189,1311,КАЧЕСТВО
267,1290,374,1290,374,1331,267,1331,ПРОДУКЦИИ
192,1295,329,1295,329,1331,192,1331,###
376,1310,498,1310,498,1332,376,1332,ОБЕСПЕЧЕНО
754,1293,795,1293,795,1327,754,1327,ГОСТ
715,1267,803,1267,803,1313,715,1313,СИСТЕМОЙ
647,1306,752,1306,752,1331,647,1331,ВАННОЙ
800,1205,818,1205,818,1227,800,1227,8.
756,1179,819,1179,819,1215,756,1215,Россия,
727,1209,797,1209,797,1246,727,1246,комната
668,1198,745,1198,745,1236,668,1236,115054,
700,1228,724,1228,724,1253,700,1253,II,
545,1248,576,1248,576,1274,545,1274,16,
579,1234,700,1234,700,1269,579,1269,помещение
548,1247,768,1247,768,1297,548,1297,e-mail:info@vilsen.ru
544,1215,638,1215,638,1248,544,1248,ГРУПП»,
514,1254,540,1254,540,1276,514,1276,д.
417,1221,530,1221,530,1248,417,1248,«ВИЛСЕН
171,1229,209,1229,209,1261,171,1261,Тел.:
383,1274,546,1274,546,1301,383,1301,www.vilsen.ru,
170,1209,186,1209,186,1230,170,1230,г.
186,1210,253,1210,253,1248,186,1248,Москва,
254,1229,292,1229,292,1256,254,1256,пер.
296,1233,329,1233,329,1261,296,1261,5-й
332,1241,514,1241,514,1274,332,1274,Монетчиковский,
210,1242,383,1242,383,1292,210,1292,###
349,1216,406,1216,406,1246,349,1246,ООО
169,1183,339,1183,339,1237,169,1237,ПРОИЗВОДИТЕЛЬ:
773,1120,820,1120,820,1155,773,1155,(and)
366,1156,433,1156,433,1185,366,1185,EDTA,
249,1142,340,1142,340,1176,249,1176,Disodium
164,1124,231,1124,231,1161,164,1161,Parfum,
166,1144,366,1144,366,1201,166,1201,Methylisothiazolinone.
163,1104,257,1104,257,1144,163,1144,Tocopheryl
163,1081,249,1081,249,1117,163,1117,Hyaluronic
161,1059,244,1059,244,1095,161,1095,(Экстракт
159,1017,235,1017,235,1048,159,1048,СОСТАВ
249,1026,323,1026,323,1060,249,1060,(INCI):
334,1034,405,1034,405,1065,334,1065,Aqua,
160,1038,299,1038,299,1078,160,1078,Cocamidopropyl
258,1100,302,1100,302,1125,258,1125,Acid
256,1123,337,1123,337,1152,256,1152,Acetate
246,1071,315,1071,315,1103,246,1103,Белого
317,1082,373,1082,373,1110,317,1110,Чая),
299,1057,380,1057,380,1085,299,1085,Betaine,
422,1037,540,1037,540,1065,422,1065,Disodium
555,1032,656,1032,656,1061,555,1061,Laureth
380,1062,474,1062,474,1091,380,1091,Sorbitol,
373,1085,473,1085,473,1114,373,1114,Allantoin
314,1102,483,1102,483,1139,314,1139,(Гиалуроновая
475,1060,539,1060,539,1088,475,1088,Urea,
342,1129,491,1129,491,1162,342,1162,###
493,1132,580,1132,580,1162,493,1162,Retinyl
540,1057,628,1057,628,1086,540,1086,Camelia
478,1088,624,1088,624,1111,478,1111,(Аллантоин),
489,1110,604,1110,604,1134,489,1134,кислота),
759,1032,824,1032,824,1062,759,1062,Extract
713,1041,759,1041,759,1070,713,1070,Leaf
629,1047,711,1047,711,1079,629,1079,Sinensis
669,1010,822,1010,822,1052,669,1052,Sulfosuccinate,
628,1073,694,1073,694,1102,628,1102,Niacin
742,1075,821,1075,821,1113,742,1113,Chloride,
696,1050,822,1050,822,1100,696,1100,###
613,1089,733,1089,733,1131,613,1131,Magnesium
584,1120,690,1120,690,1156,584,1156,Palmitate
699,1096,821,1096,821,1146,699,1146,###
456,1137,751,1137,751,1188,456,1188,Methylchloroisothiazolinone
205,986,240,986,240,1011,205,1011,без
238,993,315,993,315,1021,238,1021,трения,
315,996,413,996,413,1023,315,1023,очистите
415,1002,477,1002,477,1026,415,1026,кожу
478,1001,508,1001,508,1023,478,1023,по
512,994,643,994,643,1021,512,1021,массажным
644,986,730,986,730,1014,644,1014,линиям.
225,969,315,969,315,994,225,994,нанесите
317,973,416,973,416,997,317,997,средство
417,974,449,974,449,998,417,998,на
450,971,534,971,534,996,450,996,ватный
536,970,593,970,593,996,536,996,диск
595,970,614,970,614,993,595,993,и
616,960,715,960,715,990,616,990,бережно,
295,942,417,942,417,973,295,973,СПОСОБ
422,936,633,936,633,972,422,972,ПРИМЕНЕНИЯ:
186,891,254,891,254,917,186,917,питает,
260,897,419,897,419,921,260,921,регенерирует,
421,895,551,895,551,921,421,921,защищает
554,892,617,892,617,921,554,921,кожу
621,889,651,889,651,914,621,914,от
654,881,786,881,786,915,654,915,ИСТОНЧЕНИЯ.
262,856,415,856,415,886,262,886,КОМПЛЕКС
420,855,603,855,603,884,420,884,ВИТАМИНОВ
609,854,650,854,650,878,609,878,PP,
653,851,678,851,678,878,653,878,Е,
680,850,701,850,701,878,680,878,А
267,827,306,827,306,850,267,850,без
307,830,421,830,421,855,307,855,ощущения
423,829,517,829,517,853,423,853,сухости
518,826,564,826,564,847,518,847,или
565,823,692,823,692,848,565,848,стянутости.
201,800,337,800,337,829,201,829,обеспечивают
339,800,463,800,463,827,339,827,идеальный
465,800,578,800,578,826,465,826,демакияж
582,799,598,799,598,822,582,822,и
602,794,709,794,709,819,602,819,очищение
713,792,764,792,764,816,713,816,кожи
400,770,550,770,550,800,400,800,МИЦЕЛЛЫ
254,743,352,743,352,769,254,769,обладает
354,742,567,742,567,766,354,766,антиоксидантными
568,735,699,735,699,761,568,761,свойствами.
371,718,510,718,510,746,371,746,успокаивает
513,717,576,717,576,739,513,739,кожу,
318,685,456,685,456,719,318,719,ЭКСТРАКТ
460,684,575,684,575,714,460,714,БЕЛОГО
579,683,637,683,637,712,579,712,ЧАЯ
247,665,316,665,316,689,247,689,делает
320,661,375,661,375,684,320,684,кожу
376,656,484,656,484,685,376,685,красивой,
487,653,579,653,579,679,487,679,гладкой
581,653,596,653,596,677,581,677,и
600,651,701,651,701,677,600,677,сияющей.
193,640,269,640,269,668,193,668,глубоко
268,639,381,639,381,668,268,668,увлажняет,
383,635,497,635,497,657,383,657,оказывает
499,627,686,627,686,654,499,654,омолаживающий
688,629,765,629,765,654,688,654,эффект,
298,602,516,602,516,634,298,634,ГИАЛУРОНОВАЯ
521,599,650,599,650,627,521,627,КИСЛОТА
173,433,267,433,267,595,173,595,5
292,566,407,566,407,597,292,597,###
410,559,574,559,574,584,410,584,косметический
574,559,662,559,662,586,574,586,эффект
666,562,740,562,740,583,666,583,кремов
292,537,426,537,426,566,292,566,###
430,534,496,534,496,559,430,559,тонус,
499,533,579,533,579,555,499,555,сияние
579,531,598,531,598,557,579,557,и
599,531,727,531,727,558,599,558,бархатистую
730,535,809,535,809,561,730,561,МЯГКОСТЬ
293,509,441,509,441,538,293,538,###
440,506,553,506,553,529,440,529,защитные
556,503,652,503,652,526,556,526,свойства
653,506,708,506,708,527,653,527,КОЖИ
292,480,403,480,403,511,292,511,###
408,479,462,479,462,504,408,504,кожу
462,478,598,478,598,502,462,502,минералами
598,478,618,478,618,501,598,501,и
620,476,790,476,790,504,620,504,микроэлементами
726,454,775,454,775,477,726,477,кожи
570,449,726,449,726,473,570,473,увлажненности
477,449,570,449,570,474,477,474,уровень
292,452,474,452,474,482,292,482,###
291,414,477,414,477,453,291,453,ТЕРМАЛЬНАЯ
480,415,565,415,565,443,480,443,ВОДА
569,418,586,418,586,442,569,442,в
591,419,696,419,696,448,591,448,составе
700,421,808,421,808,455,700,455,средства:
249,385,295,385,295,417,249,417,Без
297,382,386,382,386,412,297,412,спирта,
390,368,545,368,545,405,390,405,красителей,
550,370,690,370,690,402,550,402,парабенов.
703,353,784,353,784,381,703,381,тоника.
656,350,701,350,701,375,656,375,или
547,346,653,346,653,370,547,370,лосьона
378,345,544,345,544,371,378,371,очищающего
289,354,373,354,373,382,289,382,вместо
133,357,171,357,171,387,133,387,для
176,334,312,334,312,376,176,376,ежедневного
139,320,188,320,188,356,139,356,RU/BY
190,307,266,307,266,347,190,347,Мягкая
268,306,284,306,284,332,268,332,и
287,291,408,291,408,327,287,327,бережная
163,360,282,360,282,410,163,410,демакияжа,
319,317,510,317,510,353,319,353,использования
516,316,538,316,538,341,516,341,В
544,318,660,318,660,342,544,342,качестве
667,319,770,319,770,354,667,354,средства
775,336,817,336,817,361,775,361,для
703,295,805,295,805,332,703,332,формула
410,285,700,285,700,318,410,318,мультифункциональная
481,233,700,233,700,273,481,273,ГЛАДКОСТЬ»
236,236,473,236,473,294,236,294,«РОСКОШНАЯ
258,152,666,152,666,214,258,214,УВЛАЖНЯЮЩАЯ
158,197,784,197,784,278,158,278,###
502,1289,714,1289,714,1331,502,1331,СЕРТИФИЦИРОВАННОЙ
