330,1746,362,1746,362,1778,330,1778,###
378,1765,403,1765,403,1778,378,1778,###
482,1759,509,1759,509,1778,482,1778,###
562,1756,590,1756,590,1778,562,1778,###
213,1590,349,1590,349,1641,213,1641,Продукт
358,1571,519,1571,519,1619,358,1619,содержит
528,1559,650,1559,650,1600,528,1600,глютен.
486,1527,527,1527,527,1559,486,1559,кг
455,1522,479,1522,479,1562,455,1562,2
328,1535,447,1535,447,1576,328,1576,нетто:
207,1549,320,1549,320,1588,207,1588,Масса
203,1504,294,1504,294,1550,203,1550,факс:
303,1489,354,1489,354,1533,303,1533,+7
364,1481,449,1481,449,1533,364,1533,(727)
457,1469,635,1469,635,1519,457,1519,232-11-98.
521,1424,700,1424,700,1472,521,1472,232-12-00,
428,1435,512,1435,512,1481,428,1481,(727)
367,1442,418,1442,418,1480,367,1480,+7
282,1449,356,1449,356,1489,282,1489,Тел.:
202,1451,275,1451,275,1499,202,1499,16В.
201,1413,382,1413,382,1453,201,1453,Казахстан,
390,1392,523,1392,523,1436,390,1436,050031,
529,1398,551,1398,551,1429,529,1429,г.
562,1391,702,1391,702,1429,562,1429,Алматы,
709,1395,759,1395,759,1432,709,1432,ул.
769,1383,876,1383,876,1424,769,1424,Саина,
700,1347,843,1347,843,1391,700,1391,Керри».
200,1377,296,1377,296,1412,200,1412,мает
304,1362,376,1362,376,1401,304,1401,TOO
383,1352,527,1352,527,1395,383,1395,«МЕТРО
535,1352,612,1352,612,1386,535,1386,Кэш
621,1358,689,1358,689,1390,621,1390,энд
749,1312,882,1312,882,1350,749,1350,прини-
692,1308,741,1308,741,1344,692,1344,РК
659,1319,682,1319,682,1344,659,1344,В
476,1319,649,1319,649,1355,476,1355,качеству
419,1325,467,1325,467,1352,419,1352,по
199,1326,407,1326,407,1378,199,1378,Претензии
196,1276,635,1276,635,1330,196,1330,metro-brand@metro-cc.ru.
579,1236,685,1236,685,1276,579,1276,адрес:
532,1241,571,1241,571,1269,532,1269,на
427,1240,522,1240,522,1272,427,1272,почте
194,1237,416,1237,416,1290,194,1290,электронной
827,1189,865,1189,865,1219,827,1219,по
376,1200,610,1200,610,1239,376,1239,предложения
346,1206,366,1206,366,1236,346,1236,И
191,1199,336,1199,336,1249,191,1249,Жалобы
192,1174,214,1174,214,1204,192,1204,Г.
225,1163,363,1163,363,1202,225,1202,Москва,
369,1155,632,1155,632,1198,369,1198,Ленинградское
640,1151,750,1151,750,1187,640,1187,шоссе,
758,1152,790,1152,790,1188,758,1188,д.
620,1184,818,1184,818,1234,620,1234,присылайте
798,1142,831,1142,831,1180,798,1180,71
843,1135,866,1135,866,1177,843,1177,Г.
749,1096,873,1096,873,1139,749,1139,125445,
674,1105,736,1105,736,1148,674,1148,РФ,
547,1109,659,1109,659,1155,547,1155,Адрес:
375,1113,530,1113,530,1156,375,1156,Керри».
290,1123,363,1123,363,1159,290,1159,энд
189,1123,272,1123,272,1160,189,1160,Кэш
188,1079,446,1079,446,1118,188,1118,Изготовлено
456,1076,638,1076,638,1113,456,1113,позаказу
648,1062,725,1062,725,1102,648,1102,000
735,1053,871,1053,871,1097,735,1097,«МЕТРО
744,1019,773,1019,773,1055,744,1055,2.
539,1028,738,1028,738,1066,539,1066,помещение
454,1025,528,1025,528,1068,454,1068,48В,
412,1039,446,1039,446,1072,412,1072,Д.
246,1034,403,1034,403,1072,246,1072,Чкалова,
183,1045,235,1045,235,1084,183,1084,ул.
745,976,856,976,856,1012,745,1012,Рязань,
717,984,736,984,736,1014,717,1014,г.
572,981,708,981,708,1021,572,1021,область,
394,988,562,988,562,1024,394,1024,Рязанская
183,993,384,993,384,1031,183,1031,Федерация,
180,950,227,950,227,988,180,988,АО
236,939,547,939,547,986,236,986,«ЗЕРНОПРОДУКТ»,
555,939,679,939,679,979,555,979,390029,
690,930,856,930,856,971,690,971,Российская
479,900,696,900,696,946,479,946,упаковано:
446,910,469,910,469,939,446,939,И
180,903,436,903,436,944,180,944,Изготовлено
589,854,770,854,770,899,589,899,упаковке.
532,862,579,862,579,892,532,892,на
461,864,523,864,523,896,461,896,см.
317,864,450,864,450,898,317,898,смены
177,868,309,868,309,908,177,908,номер
174,813,276,813,276,865,174,865,Дату
297,819,593,819,593,853,297,853,изготовления,
837,809,859,809,859,840,837,840,И
758,811,822,811,822,848,758,848,до»
613,812,742,812,742,851,613,851,«годен
535,771,687,771,687,808,535,808,месяцев.
486,764,526,764,526,806,486,806,12
279,775,475,775,475,814,279,814,годности:
173,768,270,768,270,818,173,818,Срок
170,734,279,734,279,772,170,772,сухом
290,730,408,730,408,764,290,764,месте.
834,684,852,684,852,715,834,715,В
707,683,828,683,828,721,707,721,хранить
541,682,700,682,700,722,541,722,вскрытия
428,674,533,674,533,716,428,716,После
170,686,416,686,416,725,170,725,помещениях.
168,639,406,639,406,682,168,682,вредителями
411,629,558,629,558,671,411,671,хлебных
564,637,691,637,691,669,564,669,запасов
698,638,841,638,841,672,698,672,складских
658,593,846,593,846,634,658,634,зараженных
610,594,652,594,652,624,610,624,не
728,553,747,553,747,583,728,583,В
757,553,846,553,846,593,757,593,сухих,
315,589,604,589,604,630,315,630,вентилируемых,
165,592,304,592,304,636,165,636,хорошо
160,533,336,533,336,578,160,578,Условия
347,543,563,543,563,586,347,586,хранения:
576,549,712,549,712,589,576,589,хранить
162,485,310,485,310,530,162,530,высший
322,497,407,497,407,540,322,540,сорт.
158,438,301,438,301,481,158,481,Состав:
313,448,397,448,397,492,313,492,мука
409,454,601,454,601,489,409,489,пшеничная
607,450,836,450,836,507,607,507,хлебопекарная
667,418,807,418,807,458,667,458,изделий.
713,377,849,377,849,422,713,422,мучных,
401,352,685,352,685,412,401,412,хлебобулочных,
252,345,376,345,376,393,252,393,хлеба,
155,349,223,349,223,384,155,384,НИЯ
154,295,309,295,309,346,154,346,Продукт
320,306,575,306,575,355,320,355,предназначен
579,326,648,326,648,364,579,364,ДЛЯ
657,329,858,329,858,374,657,374,приготовле-
159,245,249,245,249,287,159,287,ГОСТ
257,241,478,241,478,293,257,293,26574-2017
161,200,510,200,510,242,161,242,ХЛЕБОПЕКАРНАЯ
177,178,217,178,217,202,177,202,RU
238,150,344,150,344,202,238,202,МУКА
353,149,620,149,620,198,353,198,ПШЕНИЧНАЯ
520,206,712,206,712,254,520,254,ВЫСШИЙ
719,213,826,213,826,266,719,266,СОРТ.
