316,889,613,889,613,951,316,951,ТОВАРЫ
306,814,622,814,622,890,306,890,ДЕТСКИЕ
573,698,613,698,613,726,573,726,76
561,708,574,708,574,720,561,720,-
453,699,561,699,561,735,453,735,824-41
365,707,446,707,446,748,365,748,(902)
322,717,358,717,358,746,322,746,+7
382,613,476,613,476,639,382,639,ПРОДАЖА
380,628,499,628,499,659,380,659,ЗАПЧАСТЕЙ,
378,647,523,647,523,677,378,677,АКСЕССУАРОВ,
379,663,572,663,572,698,379,698,КОМПЛЕКТУЮЩИХ
471,494,589,494,589,525,471,525,НОУТБУКОВ,
390,510,467,510,467,535,390,535,РЕМОНТ
423,517,548,517,548,547,423,547,ПЛАНШЕТОВ,
388,534,422,534,422,552,388,552,ПК,
387,540,513,540,513,570,387,570,МОБИЛЬНЫХ
388,562,505,562,505,589,388,589,ТЕЛЕФОНОВ
423,458,524,458,524,495,423,495,ЦЕНТР
389,390,562,390,562,444,389,444,ГОРОДСКОЙ
348,416,610,416,610,476,348,476,КОМПЬЮТЕРНЫЙ
60,860,140,860,140,916,60,916,ПОСУДА
336,1219,353,1219,353,1234,336,1234,###
73,1159,97,1159,97,1167,73,1167,###
70,1184,81,1184,81,1191,70,1191,###
81,1184,93,1184,93,1191,81,1191,###
69,1179,83,1179,83,1184,69,1184,###
84,1179,93,1179,93,1185,84,1185,###
68,1193,77,1193,77,1198,68,1198,###
78,1194,91,1194,91,1198,78,1198,###
67,1200,79,1200,79,1206,67,1206,###
79,1198,91,1198,91,1206,79,1206,###
72,1168,83,1168,83,1175,72,1175,###
84,1169,95,1169,95,1175,84,1175,###
