705,1132,726,1132,726,1150,705,1150,ч.
636,1128,699,1128,699,1149,636,1149,19-00
596,1134,630,1134,630,1154,596,1154,до
526,1130,593,1130,593,1151,526,1151,16-00
508,1135,523,1135,523,1151,508,1151,с
379,1131,503,1131,503,1155,379,1155,четвергам
357,1131,373,1131,373,1148,357,1148,и
223,1131,351,1131,351,1152,223,1152,вторникам
285,1085,351,1085,351,1112,285,1112,будет
359,1093,538,1093,538,1114,359,1114,производиться
543,1094,628,1094,628,1112,543,1112,только
633,1092,663,1092,663,1113,633,1113,по
670,1052,714,1052,714,1075,670,1075,т.д.
652,1054,667,1054,667,1071,652,1071,и
583,1055,645,1055,645,1071,583,1071,счета
467,1054,575,1054,575,1074,467,1074,лицевые
313,1048,463,1048,463,1076,313,1076,финансовые
234,1051,307,1051,307,1073,234,1073,книги,
246,1008,335,1008,335,1035,246,1035,Выдача
341,1012,443,1012,443,1036,341,1036,справок,
449,1015,555,1015,555,1033,449,1033,выписок
559,1013,586,1013,586,1032,559,1032,из
591,1008,702,1008,702,1036,591,1036,домовой
419,975,520,975,520,996,419,996,отпуске.
705,935,721,935,721,952,705,952,В
577,936,700,936,700,956,577,956,находится
518,932,570,932,570,954,518,954,ТСЖ
397,931,515,931,515,958,397,958,бухгалтер
375,936,390,936,390,954,375,954,г.
246,931,367,931,367,956,246,956,06.08.2019
223,933,244,933,244,955,223,955,c
327,893,485,893,485,915,327,915,УВАЖАЕМЫЕ
491,892,612,892,612,915,491,915,ЖИЛЬЦЫ!
523,795,671,795,671,844,523,844,ВОДА
603,713,641,713,641,763,603,763,и
320,645,637,645,637,690,320,690,ОТКЛЮЧЕНА
307,717,588,717,588,769,307,769,ХОЛОДНАЯ
287,796,507,796,507,840,287,840,ГОРЯЧАЯ
240,572,535,572,535,622,240,622,РАБОТАМИ,
549,568,708,568,708,617,549,617,БУДЕТ
286,494,656,494,656,541,286,541,РЕМОНТНЫМИ
561,423,598,423,598,464,561,464,С
392,424,547,424,547,468,392,468,СВЯЗИ
350,428,381,428,381,465,350,465,В
291,332,415,332,415,381,291,381,9-00
428,333,520,333,520,390,428,390,до
538,328,697,328,697,382,538,382,15-00
311,233,620,233,620,288,311,288,12.08.2019
268,129,657,129,657,190,268,190,ОБЪЯВЛЕНИЕ
237,322,279,322,279,384,237,384,C
