178,485,308,485,308,536,178,536,АкваМаркет
744,436,912,436,912,485,744,485,КАРТРИДЖЕЙ
657,462,737,462,737,497,657,497,ЗАМЕНА
784,407,916,407,916,449,784,449,ФИЛЬТРОВ
657,427,774,427,774,465,657,465,УСТАНОВКА
747,383,848,383,848,425,747,425,КУЛЕРОВ
656,404,740,404,740,437,656,437,РЕМОНТ
774,352,845,352,845,393,774,393,ВОДЫ
658,368,763,368,763,414,658,414,ДОСТАВКА
548,479,623,479,623,509,548,509,ГАЗАЦИИ
474,490,544,490,544,517,474,517,СИСТЕМЫ
519,451,624,451,624,486,519,486,КАРТРИДЖИ
504,469,514,469,514,489,504,489,И
431,470,500,470,500,498,431,498,ФИЛЬТРЫ
560,426,624,426,624,454,560,454,ПОМПЫ
543,437,553,437,553,456,543,456,И
480,441,539,441,539,469,480,469,КУЛЕРЫ
576,398,624,398,624,428,576,428,ВОДА
436,408,572,408,572,453,436,453,БУТИЛИРОВАННАЯ
