842,545,860,545,860,558,842,558,57
801,549,831,549,831,560,801,560,ДОМ
690,548,788,548,788,560,690,560,Партсъезда,
662,549,678,549,678,561,662,561,19
601,552,649,552,649,564,601,564,улица
584,557,593,557,593,564,584,564,,
495,551,574,551,574,564,495,564,Волжский
436,556,484,556,484,569,436,569,город
804,533,860,533,860,546,804,546,область
698,534,801,534,801,547,698,547,Волгоградская
642,535,696,535,696,548,642,548,Россия,
589,537,639,537,639,549,589,549,404130,
539,539,587,539,587,551,539,551,адрес:
437,538,537,538,537,554,437,554,Юридический
676,503,716,503,716,522,676,522,№2
572,505,670,505,670,523,572,523,КОРПУС
693,476,817,476,817,496,693,496,ОБЛАСТИ»
477,476,688,476,688,501,477,501,ВОЛГОГРАДСКОЙ
557,453,729,453,729,474,557,474,Г.ВОЛЖСКОГО
648,428,777,428,777,446,648,446,ЛОГИНОВА
596,431,643,431,643,449,596,449,Ф.Г.
511,432,590,432,590,450,511,450,ИМЕНИ
764,406,799,406,799,421,764,421,№1
628,406,757,406,757,425,628,425,ПРЕДМЕТОВ
482,408,621,408,621,428,482,428,ОТДЕЛЬНЫХ
673,381,803,381,803,400,673,400,ИЗУЧЕНИЕМ
504,383,667,383,667,403,504,403,УГЛУБЛЕННЫМ
480,389,498,389,498,403,480,403,с
658,361,742,361,742,377,658,377,ШКОЛА
542,362,651,362,651,380,542,380,«СРЕДНЯЯ
714,340,855,340,855,356,714,356,УЧРЕЖДЕНИЕ
434,341,708,341,708,363,434,363,ОБЩЕОБРАЗОВАТЕЛЬНОЕ
545,322,737,322,737,339,545,339,МУНИЦИПАЛЬНОЕ
