524,536,657,536,657,576,524,576,Спасибо
660,542,698,542,698,576,660,576,за
702,548,874,548,874,580,702,580,понимание!
539,479,568,479,568,503,539,503,от
573,480,736,480,736,524,573,524,контейнерной
737,484,862,484,862,521,737,521,площадки
412,442,446,442,446,477,412,477,не
448,446,572,446,572,478,448,478,парковать
574,449,745,449,745,481,574,481,автотранспорт
745,451,767,451,767,484,745,484,в
764,453,863,453,863,487,764,487,радиусе
863,454,885,454,885,493,863,493,5
883,460,968,460,968,494,883,494,метров
457,415,621,415,621,452,457,452,убедительная
625,419,718,419,718,457,625,457,просьба
718,428,744,428,744,457,718,457,-
750,434,770,434,770,455,750,455,с
773,426,826,426,826,457,773,457,7:00
826,436,857,436,857,460,826,460,до
858,425,927,425,927,462,858,462,19:00
525,393,765,393,765,429,525,429,специализированной
768,401,860,401,860,429,768,429,техники
506,359,554,359,554,396,506,396,Для
556,362,779,362,779,402,556,402,беспрепятственного
778,374,887,374,887,407,778,407,проезда
368,309,402,309,402,333,368,333,по
400,306,503,306,503,340,400,340,данному
502,312,584,312,584,343,502,343,адресу
586,316,740,316,740,355,586,355,производится
737,323,810,323,810,352,737,352,вывоз
807,325,905,325,905,357,807,357,бытовых
906,335,998,335,998,363,906,363,отходов
368,279,496,279,496,311,368,311,Ежедневно
500,285,527,285,527,314,500,314,(в
527,282,573,282,573,314,527,314,ТОМ
573,287,639,287,639,319,573,319,числе
641,292,661,292,661,322,641,322,в
662,292,777,292,777,329,662,329,выходные
779,295,827,295,827,327,779,327,дни)
826,298,845,298,845,329,826,329,с
844,295,894,295,894,329,844,329,7.00
895,304,926,304,926,332,895,332,до
924,306,991,306,991,338,924,338,19.00
379,231,638,231,638,281,379,281,Уважаемые
647,250,982,250,982,301,647,301,автомобилисты!
