431,1138,493,1138,493,1165,431,1165,семян
498,1136,584,1136,584,1167,498,1167,жожоба
294,1075,324,1075,324,1115,294,1115,opera
328,1100,422,1100,422,1154,328,1154,макадамия
297,1053,410,1053,410,1126,297,1126,австралийского
319,1038,369,1038,369,1086,319,1086,Масло
432,1112,583,1112,583,1143,432,1143,австралийских
471,1083,540,1083,540,1112,471,1112,Масло
671,1038,727,1038,727,1087,671,1087,авокадо
611,1068,669,1068,669,1106,611,1106,Масло
435,930,588,930,588,965,435,965,ВОЛОС
378,886,529,886,529,931,378,931,МАСЛО
545,895,635,895,635,936,545,936,для
329,801,696,801,696,885,329,885,RECONSTRUCTOR
447,705,579,705,579,817,447,817,OIL
318,572,353,572,353,681,318,681,3
377,577,719,577,719,694,377,694,MIRACLE
335,464,701,464,701,535,335,535,AUSSIE
