335,1245,425,1245,425,1275,335,1275,нетто:
333,1211,421,1211,421,1245,333,1245,Масса
430,1209,545,1209,545,1269,430,1269,310г
581,1192,649,1192,649,1264,581,1264,EAC
204,1168,219,1168,219,1186,204,1186,На
217,1173,271,1173,271,1190,217,1190,упаковке
271,1173,278,1173,278,1187,271,1187,-
279,1169,368,1169,368,1192,279,1192,предлагаемый
369,1172,422,1172,422,1190,369,1190,вариант
422,1168,470,1168,470,1186,422,1186,блюда.
205,1146,259,1146,259,1169,205,1169,Звонок
259,1153,282,1153,282,1170,259,1170,по
284,1148,345,1148,345,1170,284,1170,России
346,1148,459,1148,459,1167,346,1167,бесплатный.
204,1112,424,1112,424,1147,204,1147,8-800-1000-889
427,1111,637,1111,637,1145,427,1145,www.mrricco.ru
202,1061,223,1061,223,1086,202,1086,По
225,1068,263,1068,263,1088,225,1088,всем
202,1088,306,1088,306,1111,202,1111,обращайтесь
306,1094,330,1094,330,1110,306,1110,ПО
263,1071,349,1071,349,1091,263,1091,вопросам
347,1069,364,1069,364,1087,347,1087,о
332,1089,418,1089,418,1114,332,1114,телефону
420,1086,496,1086,496,1111,420,1111,горячей
497,1088,557,1088,557,1109,497,1109,линии
365,1066,466,1066,466,1089,365,1089,продукции
469,1061,529,1061,529,1084,469,1084,нашей
531,1063,622,1063,622,1083,531,1083,компании
777,1149,807,1149,807,1174,777,1174,4
781,949,813,949,813,1127,781,1127,604075
203,1008,296,1008,296,1033,203,1033,Лаишевский
299,1012,358,1012,358,1036,299,1036,район,
359,1014,376,1014,376,1034,359,1034,с.
377,1010,438,1010,438,1034,377,1034,Усады,
443,1013,471,1013,471,1036,443,1036,ул.
472,1007,565,1007,565,1029,472,1029,Ласковая,
567,1009,587,1009,587,1030,567,1030,д.
588,1006,606,1006,606,1027,588,1027,1.
201,985,251,985,251,1011,201,1011,Адрес:
251,987,313,987,313,1011,251,1011,Россия,
314,987,384,987,384,1010,314,1010,422610,
388,986,497,986,497,1012,388,1012,Республика
496,983,594,983,594,1008,496,1008,Татарстан,
200,961,320,961,320,985,200,985,Изготовитель:
322,964,349,964,349,986,322,986,АО
350,959,575,959,575,986,350,986,«НЭФИС-БИОПРОДУКТ».
200,908,232,908,232,932,200,932,Дата
236,910,438,910,438,932,236,932,###
438,909,469,909,469,930,438,930,см.
470,909,495,909,495,928,470,928,на
495,909,576,909,576,931,495,931,крышке.
200,885,275,885,275,910,200,910,Открытую
277,890,356,890,356,911,277,911,упаковку
357,889,433,889,433,909,357,909,хранить
435,886,449,886,449,905,435,905,В
450,887,588,887,588,905,450,905,холодильнике.
778,749,811,749,811,927,778,927,037778
198,843,230,843,230,880,198,880,ОТ
241,832,263,832,263,881,241,881,0
266,839,311,839,311,889,266,889,до
315,840,343,840,343,878,315,878,+
339,829,396,829,396,878,339,878,24°
394,827,426,827,426,878,394,878,С
424,848,451,848,451,865,424,865,-
452,826,479,826,479,876,452,876,7
481,835,637,835,637,885,481,885,месяцев
197,808,304,808,304,835,197,835,Температура
305,810,400,810,400,830,305,830,хранения
400,807,417,807,417,826,400,826,и
418,807,464,807,464,831,418,831,срок
467,805,565,805,565,828,467,828,годности:
198,784,232,784,232,801,198,801,ЖИРЫ
231,789,238,789,238,798,231,798,-
237,782,260,782,260,802,237,802,28г;
261,781,299,781,299,802,261,802,БЕЛКИ
296,788,307,788,307,797,296,797,-
304,781,333,781,333,802,304,802,0,2г;
335,782,400,782,400,801,335,801,УГЛЕВОДЫ
400,785,409,785,409,794,400,794, 
407,780,427,780,427,800,407,800,6г.
488,780,547,780,547,799,488,799,###
548,780,611,780,611,799,548,799,###
244,737,302,737,302,755,244,755,Пищевая
302,737,365,737,365,755,302,755,ценность
256,753,278,753,278,771,256,771,100
279,755,288,755,288,771,279,771,г
288,754,351,754,351,774,288,774,продукта:
456,733,563,733,563,751,456,751,Энергетическая
564,737,628,737,628,751,564,751,ценность
490,750,517,750,517,766,490,766,100
519,753,527,753,527,766,519,766,г
527,750,594,750,594,769,527,769,продукта:
188,713,221,713,221,732,188,732,###
222,711,311,711,311,729,222,729,антиокислитель
314,706,346,706,346,727,314,727,Е385.
350,707,393,707,393,727,350,727,Может
395,707,463,707,463,728,395,728,содержать
465,705,506,705,506,726,465,726,следы
507,707,562,707,562,723,507,723,глютена.
564,703,582,703,582,725,564,725,Не
583,708,649,708,649,728,583,728,содержит
649,703,682,703,682,725,649,725,ГМО!
683,705,713,705,713,725,683,725,ГОСТ
713,704,753,704,753,724,713,724,31755
189,693,243,693,243,711,189,711,стабилизатор
244,690,297,690,297,710,244,710,гуаровая
298,689,349,689,349,707,298,707,камедь,
351,689,436,689,436,706,351,706,консерванты:
437,684,493,684,493,706,437,706,бензоат
494,685,539,685,539,706,494,706,натрия
541,685,553,685,553,704,541,704,И
555,684,601,684,601,707,555,707,сорбат
601,687,644,687,644,705,601,705,калия,
643,686,709,686,709,706,643,706,кориандр,
711,686,768,686,768,706,711,706,краситель
768,688,817,688,817,710,768,710,каротин,
188,673,247,673,247,694,188,694,ароматизатор
246,667,294,667,294,690,246,690,«Дым»,
294,669,335,669,335,686,294,686,смесь
336,668,383,668,383,688,336,688,перцев
386,665,439,665,439,687,386,687,(специи
440,663,497,663,497,687,440,687,(черный
499,666,511,666,511,683,499,683,И
513,663,557,663,557,684,513,684,белый
560,665,610,665,610,684,560,684,перец),
610,666,675,666,675,686,610,686,экстракты
675,665,711,665,711,686,675,686,чили,
713,666,773,666,773,688,713,688,душистого
770,668,818,668,818,689,770,689,перца),
188,653,219,653,219,674,188,674,экстракт
224,652,258,652,258,671,224,671,ореха
263,650,336,650,336,671,263,671,мускатного,
341,647,408,647,408,669,341,669,краситель
415,644,459,644,459,665,415,665,Е150с,
463,647,502,647,502,665,463,665,агент
507,646,633,646,633,664,507,664,антислеживающий
639,643,679,643,679,667,639,667,E551),
683,648,740,648,740,668,683,668,паприка,
745,647,781,647,781,668,745,668,перец
784,649,818,649,818,670,784,670,ЧИЛИ,
185,636,204,636,204,653,185,653,###
203,630,237,630,237,649,203,649,чили),
236,631,328,631,328,652,236,652,ароматизаторы
328,623,370,623,370,649,328,649,Гриль,
371,624,413,624,413,645,371,645,Бекон
415,624,482,624,482,645,415,645,(содержит
481,625,531,625,531,645,481,645,злаки),
533,622,596,622,596,646,533,646,Говядина,
597,623,685,623,685,647,597,647,###
685,624,737,624,737,648,685,648,Пряный,
740,625,772,625,772,648,740,648,Кофе,
771,626,818,626,818,649,771,649,Ваниль;
188,612,225,612,225,636,188,636,молочная
226,610,276,610,276,631,226,631,кислоты,
275,608,302,608,302,630,275,630,лук,
301,607,349,607,349,627,301,627,чеснок,
348,609,436,609,436,625,348,625,комплексная
435,606,499,606,499,623,435,623,пищевая
500,605,554,605,554,624,500,624,добавка
555,602,620,602,620,626,555,626,«Венская»
621,603,672,603,672,626,621,626,(специи
673,603,717,603,717,628,673,628,(перец,
717,608,757,608,757,627,717,627,томат,
755,610,820,610,820,629,755,629,мускатный
189,594,214,594,214,614,189,614,###
215,593,250,593,250,610,215,610,смесь
250,587,305,587,305,609,250,609,(яичный
305,589,356,589,356,608,305,608,желток,
358,583,446,583,446,607,358,607,стабилизатор
451,589,533,589,533,604,451,604,ксантановая
536,583,596,583,596,604,536,604,камедь),
600,588,673,588,673,607,600,607,регуляторы
677,587,753,587,753,606,677,606,кислотности:
753,590,805,590,805,609,753,609,уксусная
807,592,819,592,819,609,807,609,и
186,574,217,574,217,593,186,593,Состав:
218,572,249,572,249,591,218,591,вода,
251,570,289,570,289,587,251,587,масло
290,568,380,568,380,588,290,588,подсолнечное
385,564,498,564,498,587,385,587,рафинированное
500,563,627,563,627,587,500,587,дезодорированное,
630,566,705,566,705,587,630,587,загуститель
707,564,748,564,748,588,707,588,E1422,
747,570,785,570,785,592,747,592,сахар,
787,571,815,571,815,591,787,591,соль,
196,542,233,542,233,572,196,572,Соус
236,543,263,543,263,564,236,564,на
266,541,343,541,343,562,266,562,основе
345,539,511,539,511,567,345,567,растительных
515,539,587,539,587,563,515,563,масел
590,532,690,532,690,567,590,567,«Бургер»
692,535,786,535,786,564,692,564,Mr.Ricco
188,483,261,483,261,519,188,519,хот-дога
262,486,300,486,300,507,262,507,или
302,478,399,478,399,512,302,512,буррито
402,477,546,477,546,505,402,505,аппетитной
548,483,565,483,565,505,548,505,и
568,479,647,479,647,507,568,507,сочной.
188,454,280,454,280,486,188,486,копчености
285,450,372,450,372,475,285,475,сделает
375,450,466,450,466,478,375,478,начинку
469,445,552,445,552,473,469,473,любого
556,448,647,448,647,480,556,480,бургера,
190,420,258,420,258,460,190,460,Приятный
258,414,426,414,426,445,258,445,сливочно-острый
425,418,471,418,471,445,425,445,вкус
471,417,486,417,486,440,471,440,c
485,419,555,419,555,443,485,443,легким
554,420,662,420,662,444,554,444,оттенком
190,392,247,392,247,424,190,424,подают
248,395,263,395,263,415,248,415,в
264,390,386,390,386,414,264,414,настоящих
386,390,546,390,546,414,386,414,американских
546,383,653,383,653,417,546,417,дайнерах.
190,359,298,359,298,396,190,396,классическим
300,359,373,359,373,384,300,384,соусом
377,351,416,351,416,379,377,379,для
420,351,560,351,560,384,420,384,гамбургеров,
565,358,668,358,668,386,565,386,который
191,337,216,337,216,368,191,368,Соус
216,326,291,326,291,358,216,358,Mr.Ricco
294,325,384,325,384,354,294,354,«Бургер»
389,326,497,326,497,349,389,349,поистине
499,326,574,326,574,350,499,350,можно
578,330,669,330,669,352,578,352,назвать
498,232,600,232,600,265,498,265,продукта
499,212,598,212,598,238,499,238,контроль
602,215,695,215,695,242,602,242,готового
499,176,592,176,592,201,499,201,процесса
502,155,602,155,602,180,502,180,контроль
603,156,772,156,772,196,603,196,технологического
506,121,602,121,602,147,506,147,контроль
605,126,737,126,737,161,605,161,компонентов
483,81,778,81,778,140,483,140,БИО-КОНТРОЛЬ
480,46,658,46,658,86,480,86,Система
257,131,385,131,385,182,257,182,БИО
286,130,424,130,424,217,286,217,КОНТРОЛЬ
