395,628,543,628,543,664,395,664,117997,
556,633,585,633,585,661,556,661,г.
598,630,740,630,740,663,598,663,Москва,
750,636,803,636,803,668,750,668,ул.
817,629,994,629,994,664,817,664,Вавилова,
1011,628,1059,628,1059,663,1011,663,19
501,533,630,533,630,556,501,556,ОТКРЫТОЕ
635,532,806,532,806,559,635,559,АКЦИОНЕРНОЕ
811,535,942,535,942,557,811,557,ОБЩЕСТВО
282,464,751,464,751,525,282,525,СБЕРБАНК
783,468,1159,468,1159,529,783,529,РОССИИ
525,397,684,397,684,425,525,425,Основан
692,403,722,403,722,426,692,426,В
736,398,821,398,821,426,736,426,1841
819,404,903,404,903,432,819,432,году
