91,689,216,689,216,806,91,806,N
252,673,822,673,822,800,252,800,СОМЕРСЕТ
96,834,829,834,829,1081,96,1081,МОЭМ
101,1138,309,1138,309,1220,101,1220,МАГ
541,1129,602,1129,602,1160,541,1160,Книги,
606,1134,729,1134,729,1158,606,1158,изменившие
732,1134,779,1134,779,1163,732,1163,мир.
542,1165,644,1165,644,1195,542,1195,Писатели,
647,1165,792,1165,792,1192,647,1192,объединившие
541,1202,651,1202,651,1227,541,1227,поколения.
100,1270,510,1270,510,1300,100,1300,ЭКСКЛЮЗИВНАЯ
558,1277,831,1277,831,1302,558,1302,классика
