485,1302,497,1302,497,1314,485,1314,и
501,1305,576,1305,576,1320,501,1320,достатка
583,1308,640,1308,640,1326,583,1326,бодрит
647,1316,659,1316,659,1327,647,1327,и
633,1296,700,1296,700,1312,633,1312,энергии
588,1292,624,1292,624,1307,588,1307,цвет
487,1282,580,1282,580,1303,487,1303,Роскошный
646,1219,777,1219,777,1271,646,1271,Паруса
536,1213,625,1213,625,1253,536,1253,Алые
473,1203,519,1203,519,1268,473,1268,5
638,1158,696,1158,696,1175,638,1175,силой.
618,1157,629,1157,629,1170,618,1170,и
486,1146,610,1146,610,1168,486,1168,благородством
589,1136,690,1136,690,1153,589,1153,внутренним
486,1130,582,1130,582,1146,486,1146,привлекает
588,1117,637,1117,637,1132,588,1132,ягоды
530,1112,581,1112,581,1127,530,1127,дикой
485,1110,523,1110,523,1123,485,1123,цвет
601,1097,673,1097,673,1113,601,1113,царский
485,1088,594,1088,594,1108,485,1108,Изысканный
679,1024,808,1024,808,1072,679,1072,Вишня
539,1017,655,1017,655,1061,539,1061,Дикая
477,1009,524,1009,524,1072,477,1072,4
596,970,681,970,681,987,596,987,времени...
578,969,590,969,590,981,578,981,и
529,965,572,965,572,980,529,980,моды
493,961,522,961,522,977,493,977,вне
648,955,684,955,684,969,648,969,цвет
575,949,643,949,643,965,575,965,Богатый
495,946,568,946,568,962,495,962,прошлое.
584,934,656,934,656,951,584,951,глубокое
566,933,580,933,580,947,566,947,в
495,928,561,928,561,944,495,944,корнями
578,917,655,917,655,933,578,933,уходящие
496,911,571,911,571,929,496,929,Традиции
628,903,678,903,678,917,628,917,вкуса.
512,893,620,893,620,914,512,914,безупречного
496,895,506,895,506,908,496,908,и
625,885,701,885,701,900,625,900,классики
571,880,617,880,617,896,571,896,Сплав
576,829,711,829,711,875,576,875,Гранат
482,822,555,822,555,878,482,878,13
604,782,645,782,645,796,604,796,вкус.
499,777,597,777,597,794,499,794,изысканный
614,764,646,764,646,778,614,778,Ваш
499,759,607,759,607,777,499,777,Подчеркивает
603,748,663,748,663,762,603,762,кровли.
534,745,597,745,597,759,534,759,окраске
499,745,528,745,528,757,499,757,при
615,732,676,732,676,746,615,746,оттенок
553,728,608,728,608,744,553,744,Европе
536,730,547,730,547,741,536,741,###
498,726,530,726,530,741,498,741,ный
632,717,702,717,702,730,632,730,популяр-
580,715,625,715,625,729,580,729,кофе,
500,712,573,712,573,727,500,727,жареного
647,700,685,700,685,713,647,713,цвет
548,696,641,696,641,711,548,711,Элегантный
544,645,715,645,715,687,544,687,Арабика
485,639,528,639,528,695,485,695,6
502,596,605,596,605,612,502,612,пространство
653,584,702,584,702,598,653,598,любое
592,582,647,582,647,597,592,597,светом
502,580,582,580,582,594,502,594,наполняет
673,571,682,571,682,579,673,579,###
615,568,667,568,667,580,615,580,цветов
562,566,609,566,609,579,562,579,среди
502,563,557,563,557,578,502,578,Король
632,557,646,557,646,564,632,564,###
573,551,625,551,625,563,573,563,цветов
502,548,564,548,564,561,502,561,нежных
659,538,671,538,671,550,659,550,и
623,537,649,537,649,549,623,549,гор
543,535,613,535,613,548,543,548,снежных
503,533,537,533,537,545,503,545,цвет
639,520,685,520,685,534,639,534,яркий
571,520,634,520,634,532,571,532,свежий,
504,515,565,515,565,531,504,531,Чистый,
490,469,782,469,782,509,490,509,Белоснежный
611,427,655,427,655,440,611,440,мире.
536,427,604,427,604,438,536,438,деловом
499,426,531,426,531,436,499,436,ном
608,411,693,411,693,422,608,422,современ-
499,410,604,410,604,421,499,421,меняющемся
499,394,562,394,562,406,499,406,спутник
568,394,580,394,580,405,568,405,в
583,394,697,394,697,406,583,406,стремительно
499,378,539,378,539,389,499,389,ники
543,381,553,381,553,387,543,387,###
556,377,658,377,658,390,556,390,неизменный
498,360,586,360,586,373,498,373,неброский
589,362,626,362,626,374,589,374,цвет
631,362,691,362,691,374,631,374,оргтех-
576,344,660,344,660,360,576,360,Солидный,
581,301,796,301,796,339,581,339,Оргтехника
488,295,561,295,561,349,488,349,15
509,255,577,255,577,266,509,266,зеленого
582,256,594,256,594,265,582,265,и
598,256,666,256,666,265,598,265,желтого.
509,242,540,242,540,252,509,252,мые
547,239,619,239,619,251,547,251,отблески
623,240,698,240,698,252,623,252,красного,
510,226,532,226,532,238,510,238,му
535,228,597,228,597,238,535,238,придают
602,226,639,226,639,237,602,237,едва
644,226,694,226,694,238,644,238,улови-
511,211,566,211,566,224,511,224,особую
571,211,639,211,639,223,571,223,прелесть
643,209,699,209,699,222,643,222,которо-
511,197,555,197,555,208,511,208,ночей
562,197,660,197,660,208,562,208,Саргассового
666,196,704,196,704,207,666,207,моря
583,182,668,182,668,194,583,194,Бархатный
670,181,705,181,705,193,670,193,цвет
497,132,573,132,573,184,497,184,12
583,136,748,136,748,174,583,174,Карибская
763,133,848,133,848,167,763,167,Ночь
742,31,898,31,898,58,742,58,бассейнов!
661,40,738,40,738,67,661,67,даже
636,43,657,43,657,63,636,63,и
490,43,633,43,633,68,490,68,интерьера
384,42,486,42,486,70,384,70,забора,
277,49,378,49,378,74,277,74,цоколя,
165,48,272,48,272,77,165,77,фасада,
63,56,160,56,160,79,63,79,кровли,
10,57,58,57,58,84,10,84,для
162,1,204,1,204,10,162,10,###
207,1,235,1,235,10,207,10,КРАСКА
963,535,975,535,975,549,963,549,###
976,519,1000,519,1000,539,976,539,###
956,518,979,518,979,539,956,539,###
980,504,999,504,999,525,980,525,###
977,544,999,544,999,569,977,569,###
950,505,981,505,981,530,950,530,###
982,492,999,492,999,510,982,510,###
993,480,999,480,999,490,993,490,###
963,480,980,480,980,497,963,497,###
981,465,999,465,999,485,981,485,###
937,489,963,489,963,513,937,513,###
942,483,993,483,993,522,942,522,###
932,457,999,457,999,501,932,501,###
938,455,963,455,963,478,938,478,###
932,470,939,470,939,479,932,479,###
932,455,939,455,939,466,932,466,###
940,448,952,448,952,461,940,461,###
