899,910,905,910,905,917,899,917,###
906,910,920,910,920,917,906,917,###
895,901,921,901,921,908,895,908,###
771,902,797,902,797,917,771,917,200₽
769,884,800,884,800,891,769,891,###
771,891,796,891,796,898,771,898,###
183,817,294,817,294,852,183,852,АВТО
295,795,425,795,425,856,295,856,СЕТЬ
443,833,478,833,478,857,443,857,RUS
449,799,491,799,491,831,449,831,46
493,821,502,821,502,834,493,834,.
193,737,214,737,214,753,193,753,т
151,729,176,729,176,764,151,764,Р
227,729,338,729,338,771,227,771,РОСС.
346,732,401,732,401,775,346,775,RU.
408,734,523,734,523,780,408,780,M32026
162,678,376,678,376,720,162,720,РЕГУЛИРОВКА
379,689,467,689,467,728,379,728,СВЕТА
470,693,524,693,524,728,470,728,ФАР
160,640,371,640,371,684,160,684,АВТОМОБИЛЯ
161,403,350,403,350,453,161,453,УСТАНОВКА:
387,373,486,373,486,419,387,419,ЦЕНТР
182,330,382,330,382,397,182,397,СЕРВИСНЫЙ
171,376,463,376,463,450,171,450,ПРОФЕССИОНАЛЬНАЯ
142,291,503,291,503,387,142,387,СЕРТИФИЦИРОВАННЫЙ
168,473,330,473,330,514,168,514,-автозвука;
169,442,439,442,439,502,169,502,-автосигнализаций;
166,501,309,501,309,542,166,542,-ксенона;
167,542,422,542,422,586,167,586,-дополнительного
176,573,385,573,385,619,176,619,оборудования;
417,624,520,624,520,663,417,663,САЛОНА
163,599,412,599,412,654,163,654,ШУМОИЗОЛЯЦИЯ
608,376,998,376,998,517,608,517,УСТАНОВОЧНЫЙ
