213,624,249,624,249,691,213,691,новый
235,588,268,588,268,693,235,693,УНИКАЛЬНАЯ'
262,631,287,631,287,692,262,692,активной
281,627,308,627,308,692,281,692,упругость
306,652,326,652,326,689,306,689,Уход
303,631,320,631,320,651,303,651,за
292,574,320,574,320,629,292,629,кожей
274,585,293,585,293,624,274,624,кожи
273,550,292,550,292,582,273,582,уже
252,549,274,549,274,629,252,629,сыворотки
289,467,309,467,309,576,289,576,становится
271,527,288,527,288,548,271,548,на
327,601,359,601,359,681,327,681,ПАТЕНТ
363,586,396,586,396,682,363,682,ВИДИМЫЙ
404,671,415,671,415,682,404,682,###
444,670,455,670,455,681,444,681,###
397,618,416,618,416,668,397,668,одним
413,603,436,603,436,667,413,667,макияж
435,587,457,587,457,668,435,668,действует
455,615,473,615,473,670,455,670,нежно:
450,574,470,574,470,612,450,612,БЕЗ
388,517,413,517,413,614,388,614,движением
529,604,548,604,548,683,529,683,Применение:
548,654,563,654,563,682,548,682,лица
547,641,560,641,560,653,547,653,и
544,620,561,620,561,640,544,640,губ
545,599,557,599,557,618,545,618,по
561,621,579,621,579,682,561,682,приложите
580,659,593,659,593,679,580,679,век
578,650,592,650,592,659,578,659,и
575,590,593,590,593,650,575,650,ресницам,
594,628,611,628,611,678,594,678,макияжа.
589,574,606,574,606,630,589,630,Избегать
611,652,626,652,626,680,611,680,среди
607,602,625,602,625,652,607,652,продукции
605,578,624,578,624,604,605,604,ООО
626,662,641,662,641,678,626,678,без
625,608,642,608,642,662,625,662,очищающих
624,571,639,571,639,609,624,609,средств.
641,626,659,626,659,677,641,677,OXYGESKIN,
658,636,674,636,674,675,658,675,свойства,
657,592,671,592,671,634,657,634,включая
641,596,657,596,657,626,641,626,патент
674,610,689,610,689,674,674,674,тестированием
672,586,689,586,689,607,672,607,при
673,545,689,545,689,586,673,586,участии
690,631,708,631,708,673,690,673,ЧЕРНЫЙ
690,579,708,579,708,627,690,627,ЖЕМЧУГ
687,491,707,491,707,577,687,577,МИЦЕЛЛЯРНАЯ
707,520,724,520,724,672,707,672,###
706,490,722,490,722,520,706,520,Aqua,
724,632,741,632,741,671,724,671,Allantoin,
724,567,740,567,740,630,724,630,Alpha-Glucan
721,488,740,488,740,566,721,566,Oligosaccharide,
741,636,753,636,753,672,741,672,Camellia
740,599,754,599,754,638,740,638,Japonica
739,574,755,574,755,599,739,599,Seed
739,559,756,559,756,575,739,575,Oil
740,529,757,529,757,561,740,561,(масло
739,481,755,481,755,528,739,528,камелии),
756,614,772,614,772,669,756,669,Methosulfate,
756,549,773,549,773,607,756,607,Dipropylene
755,509,772,509,772,542,755,542,Glycol,
754,459,771,459,771,499,754,499,Glyceryl
773,583,788,583,788,669,773,669,(дезамидоколлаген),
788,628,802,628,802,668,788,668,Laminaria
789,577,804,577,804,627,789,627,Saccharina
790,536,804,536,804,574,790,574,Extract,
789,492,803,492,803,534,789,534,Lecithin,
773,528,789,528,789,583,773,583,Dipalmitoyl
802,611,820,611,820,669,802,669,Hydrogenated
805,581,820,581,820,611,805,611,Castor
806,563,821,563,821,581,806,581,OiL,
805,484,821,484,821,562,805,562,Phenoxyethanol,
804,435,817,435,817,485,804,485,Potassium
788,448,801,448,801,488,788,488,Linoleic
772,453,788,453,788,528,772,528,Hydroxyproline,
818,637,835,637,835,666,818,666,Extract,
821,602,835,602,835,635,821,635,Sodium
821,554,836,554,836,601,821,601,Ascorbate,
822,515,836,515,836,553,822,553,Sodium
819,471,836,471,836,513,819,513,Ascorbyl
837,478,852,478,852,515,837,515,Sodium
835,618,850,618,850,666,835,666,Hyaluronate
837,559,854,559,854,614,837,614,(гиалуронат
838,518,854,518,854,557,838,557,натрия),
851,633,865,633,865,666,851,666,Acetate,
852,570,868,570,868,622,852,622,Tropaeolum
854,522,870,522,870,553,854,553,Majus
852,420,868,420,868,504,852,504,Flower/Leaf/Stem
868,647,885,647,885,666,868,666,[UA]
870,592,887,592,887,647,870,647,МIЦЕЛЯРНА
873,563,888,563,888,593,873,593,ВОДА
871,519,888,519,888,563,871,563,ЧЕРНЫЙ
872,472,888,472,888,518,872,518,ЖЕМЧУГ
885,602,902,602,902,666,885,666,Застосування:
890,564,903,564,903,601,890,601,###
891,527,904,527,904,564,891,564,ватний
892,501,905,501,905,527,892,527,диск
891,488,904,488,904,499,891,499,та
890,435,904,435,904,487,890,487,дбайливо
902,654,914,654,914,666,902,666,по
903,608,918,608,918,652,903,652,масажних
905,575,921,575,921,606,905,606,###
907,553,922,553,922,575,907,575,Для
908,517,920,517,920,553,908,553,зняття
906,472,921,472,921,516,906,516,макiяжу
906,465,919,465,919,472,906,472,3
904,434,917,434,917,463,904,463,повiк
899,377,918,377,918,433,899,433,###
917,645,931,645,931,665,917,665,ДИСК
920,633,931,633,931,645,920,645,на
920,591,934,591,934,631,920,631,декiлька
924,557,938,557,938,590,924,590,секунд
925,542,937,542,937,556,925,556,до
923,511,938,511,938,540,923,540,повiк
925,499,935,499,935,512,925,512,та
921,478,938,478,938,500,921,500,вiй,
921,427,937,427,937,477,921,477,закривши
918,407,933,407,933,426,918,426,очi,
933,628,947,628,947,665,933,665,залишки
935,589,952,589,952,627,935,627,###
939,548,952,548,952,589,939,589,###
941,482,955,482,955,548,941,548,потрапляння
940,473,952,473,952,481,940,481,В
938,454,951,454,951,471,938,471,###
937,427,951,427,951,453,937,453,Дата
931,358,948,358,948,427,931,427,виготовлення,
946,635,964,635,964,665,946,665,(номер
950,601,968,601,968,634,950,634,###
954,581,967,581,967,601,954,601,див.
956,567,967,567,967,580,956,580,на
956,518,971,518,971,566,956,566,###
956,485,968,485,968,518,956,518,Умови
954,424,969,424,969,485,954,485,зберiгання:
952,404,967,404,967,424,952,424,при
962,637,978,637,978,664,962,664,+25°C.
964,586,983,586,983,637,964,637,Виробник:
969,564,983,564,983,586,969,586,ТОВ
971,506,987,506,987,561,971,561,###
971,472,986,472,986,505,971,505,Русь»,
969,439,984,439,984,473,969,473,###
978,628,996,628,996,665,978,665,Макеева,
983,617,995,617,995,627,983,627,6.
984,602,997,602,997,617,984,617,13.
985,566,1002,566,1002,601,985,601,Адреса
987,500,1003,500,1003,564,987,564,потужностей
986,429,1003,429,1003,499,986,499,виробництва:
995,656,1006,656,1006,665,995,665,###
995,588,1017,588,1017,652,995,652,Екатеринбург,
1001,554,1018,554,1018,583,1001,583,Росiя,
1003,507,1017,507,1017,549,1003,549,620138,
1005,488,1017,488,1017,502,1005,502,м.
1002,410,1016,410,1016,486,1002,486,Екатеринбург,
1007,622,1028,622,1028,665,1007,665,###
1014,600,1029,600,1029,621,1014,621,тов
1016,546,1034,546,1034,597,1016,597,«Юнiлiвер
1018,496,1036,496,1036,545,1018,545,###
1017,456,1034,456,1034,494,1017,494,04119,
1016,412,1034,412,1034,455,1016,455,Украiна,
1017,398,1028,398,1028,411,1017,411,м.
1023,646,1040,646,1040,666,1023,666,27-Т,
1027,618,1043,618,1043,647,1027,647,###
1030,607,1045,607,1045,619,1030,619,А.
1031,586,1046,586,1046,607,1031,607,Тел.:
1033,483,1051,483,1051,583,1033,583,+38(044)490-58-46.
1040,648,1058,648,1058,665,1040,665,###
1045,617,1063,617,1063,647,1045,647,БЕТКЕ,
1049,582,1067,582,1067,616,1049,616,КАБАК,
1052,560,1067,560,1067,582,1052,582,ПЕН
1053,523,1068,523,1068,559,1053,559,###
1055,466,1068,466,1068,521,1055,521,###
1049,420,1067,420,1067,466,1049,466,ЧЕРНЫЙ
1046,376,1064,376,1064,419,1046,419,ЖЕМЧУГ
1056,606,1078,606,1078,666,1056,666,###
1068,576,1082,576,1082,604,1068,604,###
1070,532,1085,532,1085,575,1070,575,###
1073,499,1086,499,1086,531,1073,531,сулап,
1071,479,1084,479,1084,497,1071,497,бет
1072,449,1084,449,1084,477,1072,477,жене
1068,423,1083,423,1083,447,1068,447,###
1066,386,1081,386,1081,424,1066,424,###
1070,629,1090,629,1090,667,1070,667,###
1079,593,1096,593,1096,627,1079,627,###
1086,529,1101,529,1101,591,1086,591,###
1085,471,1101,471,1101,528,1085,528,###
1086,414,1098,414,1098,469,1086,469,макияжды
1081,380,1096,380,1096,412,1081,412,кетiру
1087,632,1105,632,1105,666,1087,666,###
1095,605,1111,605,1111,633,1095,633,кабак
1099,576,1113,576,1113,604,1099,604,###
1101,555,1114,555,1114,576,1101,576,мен
1101,513,1117,513,1117,555,1101,555,###
1102,467,1118,467,1118,512,1102,512,###
1102,417,1116,417,1116,467,1102,467,###
1102,644,1116,644,1116,666,1102,666,###
1108,606,1124,606,1124,642,1108,642,###
1113,547,1131,547,1131,602,1113,602,###
1120,494,1133,494,1133,547,1120,547,###
1118,446,1133,446,1133,493,1118,493,###
1115,417,1130,417,1130,446,1115,446,Козге
1116,615,1138,615,1138,666,1116,666,###
1129,586,1143,586,1143,608,1129,608,кун!,
1130,513,1148,513,1148,580,1130,580,###
1132,465,1149,465,1149,507,1132,507,###
1132,420,1148,420,1148,460,1132,460,(партия
1147,644,1163,644,1163,668,1147,668,###
1152,613,1169,613,1169,641,1152,641,13-уй.
1131,604,1155,604,1155,666,1131,666,###
1159,621,1181,621,1181,667,1159,667,Казахстан:
1169,591,1187,591,1187,620,1169,620,Besan
1142,545,1162,545,1162,601,1142,601,«Юнилевер
1155,556,1175,556,1175,608,1155,608,###
1174,563,1191,563,1191,590,1174,590,Besin
1189,632,1211,632,1211,667,1189,667,###
1200,607,1217,607,1217,631,1200,631,шалу
1173,585,1204,585,1204,667,1173,667,###
1202,546,1222,546,1222,606,1202,606,###
1177,539,1193,539,1193,562,1177,562,San.
1180,526,1192,526,1192,541,1180,541,ve
1149,514,1164,514,1164,544,1149,544,Русь»
1148,482,1164,482,1164,512,1148,512,ЖШК,
1207,645,1225,645,1225,665,1207,665,[RU]
1220,645,1235,645,1235,664,1220,664,000
1234,660,1246,660,1246,666,1234,666,###
1234,623,1256,623,1256,660,1234,660,Москва,
1320,639,1332,639,1332,668,1320,668,17-
1307,649,1323,649,1323,668,1307,668,000
1294,647,1312,647,1312,668,1294,668,(BY)
1271,646,1288,646,1288,666,1271,666,Дата
1284,637,1303,637,1303,666,1284,666,(номер
1246,632,1265,632,1265,666,1246,666,Горячая
1258,619,1281,619,1281,666,1258,666,(бесплатно
1317,602,1333,602,1333,647,1317,647,###
1328,593,1332,593,1332,600,1328,600,###
1302,594,1324,594,1324,648,1302,648,Поставщик
1296,596,1313,596,1313,636,1296,636,партии):
1273,603,1285,603,1285,617,1273,617,no
1213,623,1233,623,1233,644,1213,644,[BY]
1297,491,1310,491,1310,507,1297,507,до
1304,578,1313,578,1313,596,1304,596,см.
1306,564,1316,564,1316,578,1306,578,на
1316,584,1326,584,1326,595,1316,595,###
1328,580,1332,580,1332,593,1328,593,###
1306,511,1321,511,1321,563,1306,563,упаковке.
1314,524,1332,524,1332,583,1314,583,Республике
1319,467,1332,467,1332,522,1319,522,Беларусь:
1273,562,1293,562,1293,605,1273,605,России).
1257,600,1273,600,1273,631,1257,631,линия:
1246,610,1258,610,1258,623,1246,623,ул.
1248,574,1264,574,1264,609,1248,609,Сергея
1228,589,1251,589,1251,643,1228,643,«Юнилевер
1238,557,1254,557,1254,589,1238,589,Русь»,
1241,517,1257,517,1257,556,1241,556,Россия,
1252,524,1268,524,1268,574,1252,574,Макеева,
1278,579,1304,579,1304,645,1278,645,изготовления,
1289,507,1307,507,1307,579,1289,579,Использовать
1258,513,1270,513,1270,524,1258,524,д.
1256,494,1269,494,1269,513,1256,513,13.
1262,509,1283,509,1283,597,1262,597,8-800-200-1-200
1241,472,1257,472,1257,517,1241,517,123022,
1218,550,1241,550,1241,622,1218,622,Изготовитель:
1241,277,1332,277,1332,294,1241,294,15711
1208,486,1224,486,1224,545,1208,545,бесплатный
1210,470,1224,470,1224,484,1210,484,по
1209,448,1225,448,1225,469,1209,469,РК).
1192,499,1209,499,1209,583,1192,583,/Служба
1178,507,1191,507,1191,525,1178,525,Tic.
1180,495,1192,495,1192,507,1180,507,А.
1179,483,1193,483,1193,494,1179,494,S.
1162,463,1180,463,1180,552,1162,552,Республикасына
1191,420,1210,420,1210,496,1191,496,потребителей:
1178,428,1193,428,1193,484,1178,484,###
1148,444,1163,444,1163,480,1148,480,Ресей,
203,495,232,495,232,611,203,611,стандарт
229,457,251,457,251,576,229,576,ТЕХНОЛОГИЯ:
205,364,226,364,226,488,205,488,очищения
175,424,224,424,224,694,175,694,ОЧИЩЕНИЕ+УХОД
185,412,198,412,198,427,185,427,I
184,368,202,368,202,410,184,410,это
326,567,349,567,349,598,326,598,FR
324,537,347,537,347,561,324,561,10
322,450,344,450,344,532,322,532,###
362,458,385,458,385,583,362,583,РЕЗУЛЬТАТ3:
387,440,408,440,408,513,387,513,удаляет
426,463,449,463,449,583,426,583,максимально
445,454,470,454,470,571,445,571,раздражений
477,539,505,539,505,649,477,649,ОДОБРЕНО
503,575,521,575,521,591,503,591,и
495,395,523,395,523,572,495,572,ДЕРМАТОЛОГАМИ
473,343,496,343,496,535,473,535,ОФТАЛЬМОЛОГАМИ
526,552,541,552,541,602,526,602,смочите
521,500,538,500,538,548,521,548,ватный
522,466,538,466,538,499,522,499,диск
542,526,556,526,556,597,542,597,массажным
556,552,574,552,574,619,556,619,смоченный
574,545,592,545,592,590,574,590,закрыв
555,503,571,503,571,550,555,550,ватный
574,507,588,507,588,544,574,544,глаза,
590,506,605,506,605,574,590,574,попадания
590,494,602,494,602,505,590,505,в
588,457,603,457,603,493,588,493,глаза.
606,521,622,521,622,578,606,578,«Юнилевер
605,491,621,491,621,520,605,520,Русь».
604,473,619,473,619,490,604,490,###
572,469,587,469,587,505,572,505,затем
555,471,572,471,572,502,555,502,диск
539,470,553,470,553,522,539,522,линиям.
623,522,639,522,639,571,623,571,###
624,479,637,479,637,523,624,523,средства
621,432,636,432,636,478,621,478,содержит
603,416,620,416,620,471,603,471,сравнению
642,550,656,550,656,596,642,596,компании
657,544,673,544,673,592,657,592,«Комфорт
671,522,685,522,685,543,671,543,100
673,475,686,475,686,520,673,520,женщин,
654,490,669,490,669,540,654,540,слизистой
639,525,653,525,653,548,639,548,Silab
636,510,653,510,653,523,636,523,10
638,475,652,475,652,508,638,508,58017,
656,457,669,457,669,487,656,487,глаз»,
670,452,684,452,684,473,670,473,min
689,450,705,450,705,482,689,482,ВОДА
706,450,722,450,722,492,706,492,Glycerin,
723,443,736,443,736,483,723,483,Ascorbic
738,442,755,442,755,482,738,482,Caprylyl
754,400,769,400,769,448,754,448,Caprylate,
770,407,784,407,784,453,770,453,Disodium
786,421,801,421,801,446,786,446,Acid,
802,396,815,396,815,435,802,435,Sorbate,
819,417,835,417,835,470,819,470,Phosphate,
836,399,851,399,851,472,836,472,Methylparaben,
871,446,888,446,888,472,871,472,для
866,393,885,393,885,445,866,445,обличчя,
885,393,900,393,900,435,885,435,###
848,370,862,370,862,403,848,403,Extract
1076,355,1094,355,1094,378,1076,378,###
1096,383,1112,383,1112,417,1096,417,койып,
1109,366,1127,366,1127,416,1109,416,###
1126,374,1142,374,1142,416,1126,416,###
1143,403,1159,403,1159,445,1143,445,123022,
1140,364,1156,364,1156,402,1140,402,Mackey
1138,349,1150,349,1150,363,1138,363,К.
1150,333,1160,333,1160,343,1150,343,###
1176,389,1189,389,1189,429,1176,429,Алматы
1174,376,1184,376,1184,388,1174,388,k.
1162,327,1182,327,1182,375,1162,375,Райымбек
1153,348,1176,348,1176,458,1153,458,/Поставщик
1175,319,1193,319,1193,336,1175,336,(КР
1178,337,1203,337,1203,417,1178,417,8-800-070-1243
1155,303,1172,303,1172,326,1155,326,д-лы,
1164,278,1185,278,1185,317,1164,317,###
1148,280,1167,280,1167,301,1148,301,160А
1028,288,1046,288,1046,309,1028,309,суы.
1033,309,1060,309,1060,375,1033,375,МИЦЕЛЛЯРЛЫ
1060,351,1079,351,1079,386,1060,386,###
1087,341,1108,341,1108,383,1087,383,###
1130,313,1150,313,1150,346,1130,346,Сергея
1119,280,1139,280,1139,312,1119,312,###
1106,282,1128,282,1128,318,1106,318,###
1091,282,1112,282,1112,310,1091,310,###
1075,283,1094,283,1094,308,1075,308,содан
1117,324,1139,324,1139,370,1117,370,корабына
1134,281,1159,281,1159,330,1134,330,Республику
1099,311,1120,311,1120,365,1099,365,###
1083,309,1101,309,1101,339,1083,339,###
1068,312,1086,312,1086,351,1068,351,суланган
1061,285,1076,285,1076,309,1061,309,###
1046,286,1070,286,1070,350,1046,350,###
999,387,1014,387,1014,409,999,409,вул.
1012,369,1029,369,1029,397,1012,397,Киiв,
1009,349,1025,349,1025,368,1009,368,вул.
981,399,997,399,997,428,981,428,###
979,377,994,377,994,399,979,399,ТОВ
964,393,981,393,981,435,964,435,123022,
966,380,978,380,978,392,966,392,м.
960,341,976,341,976,379,960,379,Москва,
973,326,990,326,990,376,973,376,«Юнiлевер
969,300,985,300,985,326,969,326,Русь»
968,291,977,291,977,300,968,300,В
979,289,994,289,994,304,979,304,80.
986,307,1008,307,1008,381,986,381,Комсомольська,
997,290,1022,290,1022,347,997,347,###
958,321,971,321,971,339,958,339,вул.
950,293,967,293,967,320,950,320,###
943,344,963,344,963,403,943,403,температурi
942,328,955,328,955,343,942,343,вiд
937,293,951,293,951,306,937,306,до
937,306,953,306,953,327,937,327,+0°С
921,295,935,295,935,308,921,308,до
921,308,942,308,942,358,921,358,Придатний
916,378,932,378,932,407,916,407,потiм
914,359,928,359,928,378,914,378,без
911,334,927,334,927,361,911,361,тертя
903,297,923,297,923,333,903,333,###
882,364,898,364,898,392,882,392,шкiру
893,329,912,329,912,375,893,375,змочений
888,297,904,297,904,328,888,328,ватный
872,299,889,299,889,314,872,314,губ
877,312,889,312,889,324,877,324,та
879,325,893,325,893,363,879,363,обличчя
864,358,881,358,881,390,864,390,ПОВIК
864,354,878,354,878,357,864,357,###
861,333,877,333,877,352,861,352,ГУБ.
859,314,875,314,875,333,859,333,250
857,298,871,298,871,314,857,314,ml.
766,381,781,381,781,408,766,408,EDTA,
782,374,800,374,800,418,782,418,Mannitol,
800,372,812,372,812,396,800,396,Rosa
815,379,830,379,830,416,815,416,Sodium
828,347,847,347,847,398,828,398,Tocopherol,
822,300,839,300,839,345,822,345,Tocopheryl
837,301,859,301,859,354,837,354,(OXYGESKIN)
814,334,827,334,827,377,814,377,Benzoate,
809,300,822,300,822,333,809,333,Sodium
795,332,811,332,811,372,795,372,Centifolia
792,301,807,301,807,330,792,330,Flower
781,337,794,337,794,370,781,370,Parfum,
775,303,790,303,790,333,775,333,PEG-40
749,349,763,349,763,393,749,393,Desamido
746,304,760,304,760,340,746,340,Collagen
759,304,780,304,780,380,759,380,Ethylhexylglycerin,
737,412,753,412,753,442,737,442,Glycol,
668,426,683,426,683,449,668,449,87%
687,417,703,417,703,444,687,444,для
704,418,718,418,718,448,704,448,PEG-6
720,414,735,414,735,439,720,439,Acid,
228,374,248,374,248,445,228,445,формула
231,354,248,354,248,366,231,366,c
231,313,251,313,251,348,231,348,20%
249,459,270,459,270,546,249,546,увлажняет,
248,402,266,402,266,457,248,457,питает
249,387,263,387,263,401,249,401,и
251,315,271,315,271,385,251,385,повышает
270,478,286,478,286,523,270,523,этапе
268,454,284,454,284,475,268,475,ее
269,369,285,369,285,452,269,452,очищения.
284,316,308,316,308,460,284,460,###
319,322,344,322,344,449,319,449,OXYGESKIN
387,391,405,391,405,439,387,439,даже
384,320,404,320,404,389,384,389,стойкий
426,367,444,367,444,459,426,459,безопасно
426,352,443,352,443,366,426,366,И
448,435,462,435,462,451,448,451,и
445,319,464,319,464,433,445,433,дискомфорта
522,451,534,451,534,464,522,464,и
518,393,537,393,537,449,518,449,бережно
517,336,533,336,533,390,517,390,очистите
516,305,536,305,536,334,516,334,кожу
536,441,553,441,553,468,536,468,Для
535,394,551,394,551,439,535,439,снятия
535,338,550,338,550,393,535,393,макияжа
536,327,548,327,548,338,536,338,с
536,305,549,305,549,329,536,329,век
554,452,568,452,568,471,554,471,на
551,385,568,385,568,452,551,452,несколько
551,344,567,344,567,386,551,386,секунд
550,335,565,335,565,344,550,344,к
550,305,565,305,565,336,550,336,коже
569,443,585,443,585,467,569,467,без
568,398,586,398,586,442,568,442,трения
569,348,586,348,586,397,569,397,удалите
566,305,582,305,582,348,566,348,остатки
603,407,615,407,615,416,603,416,с
601,332,615,332,615,408,601,408,использованием
599,305,615,305,615,333,599,333,крема
616,350,632,350,632,432,616,432,запатентованный
614,302,629,302,629,351,614,351,компонент
631,416,652,416,652,474,631,474,04/10/2010,
633,370,651,370,651,416,633,416,Франция.
631,351,647,351,647,371,631,371,###
630,304,648,304,648,350,630,350,указанные
652,381,667,381,667,454,652,454,подтверждены
647,304,666,304,666,380,647,380,потребительским
660,302,677,302,677,330,660,330,2016.
663,331,679,331,679,350,663,350,РФ,
664,350,682,350,682,422,664,422,согласившихся,
684,373,702,373,702,413,684,413,ЛИЦА,
679,346,699,346,699,368,679,368,ВЕК
681,328,696,328,696,343,681,343,и
681,302,695,302,695,325,681,325,ГУБ.
700,349,719,349,719,417,700,417,Caprylic/Capric
698,302,714,302,714,348,698,348,Glycerides,
719,369,733,369,733,411,719,411,Betaine,
712,304,730,304,730,366,712,366,Beta-Sitosterol,
727,302,747,302,747,365,727,365,Cocotrimonium
732,363,748,363,748,414,732,414,###
