101,764,199,764,199,800,101,800,###
137,730,180,730,180,746,137,746,работы
95,730,132,730,132,746,95,746,###
748,448,772,448,772,469,748,469,43
624,449,740,449,740,478,624,478,ул.Кирова,
533,455,616,455,616,477,533,477,РАЙПО,
360,459,519,459,519,483,360,483,Третьяковского
238,464,352,464,352,488,238,488,Корболиха,
212,473,229,473,229,488,212,488,c.
560,374,738,374,738,420,560,420,СПРОСА
180,377,544,377,544,439,180,439,ПОВСЕДНЕВНОГО
352,300,611,300,611,365,352,365,ТОВАРЫ
407,258,558,258,558,294,407,294,МАГАЗИН
773,249,802,249,802,263,773,263,###
722,252,768,252,768,263,722,263,Кирова
697,253,719,253,719,266,697,266,ул.
740,238,779,238,779,250,740,250,АДРЕС
714,239,736,239,736,251,714,251,10Р
