450,434,662,434,662,472,450,472,SUPRA
439,468,559,468,559,501,439,501,Чайник
439,503,570,503,570,535,439,535,Модель
573,505,591,505,591,535,573,535,/
593,502,690,502,690,539,593,539,Model:
693,503,835,503,835,537,693,537,KES-1726
932,457,1051,457,1051,586,932,586,EAC
442,542,597,542,597,576,442,576,Серийный
603,546,690,546,690,578,603,578,номер
693,546,712,546,712,576,693,576,/
716,542,764,542,764,577,716,577,S/N:
438,578,691,578,691,602,438,602,065А6Т701273V1S09
437,617,531,617,531,650,437,650,Версия
536,614,549,614,549,650,536,650,/
552,615,645,615,645,649,552,649,Version:
648,612,723,612,723,642,648,642,V1S09
438,654,601,654,601,684,438,684,Мощность:
605,650,674,650,674,678,605,678,2200
677,648,716,648,716,679,677,679,Вт
435,694,558,694,558,725,435,725,220-240
563,689,586,689,586,726,563,726,В
592,689,614,689,614,719,592,719,~
621,686,654,686,654,724,621,724,50
659,684,701,684,701,725,659,725,Гц
726,605,752,605,752,622,726,622,Дата
753,604,821,604,821,621,753,621,производства:
822,604,860,604,860,620,822,620,09.2017
725,623,795,623,795,638,725,638,Изготовитель:
796,623,827,623,827,637,796,637,СУПРА
826,621,890,621,890,634,826,634,ТЕХНОЛОДЖИ
889,618,936,618,936,636,889,636,ЛИМИТЕД
725,639,748,639,748,655,725,655,КНР,
748,638,790,638,790,654,748,654,Гонконг,
790,637,820,637,820,654,790,654,Каин)
821,637,843,637,843,652,821,652,Роуд
845,636,885,636,885,651,845,651,Централ,
886,635,906,635,906,651,886,651,222.
906,634,923,634,923,649,906,649,Кай
924,634,945,634,945,650,924,650,Вонг
724,654,789,654,789,672,724,672,Коммершиал
789,652,831,652,831,670,789,670,Билдинг,
831,650,866,650,866,668,831,668,ЛГ2/Ф.,
867,653,906,653,906,666,867,666,комната
906,650,916,650,916,665,906,665,2
916,649,953,649,953,665,916,665,Сделано
953,651,961,651,961,663,953,663,8
960,646,991,646,991,666,960,666,Китае.
722,673,833,673,833,687,722,687,Импортер/организация,
834,671,909,671,909,685,834,685,уполномоченная
910,669,921,669,921,682,910,682,на
922,666,963,666,963,682,922,682,принятие
963,667,1006,667,1006,681,963,681,претензий
1006,666,1020,666,1020,681,1006,681,01
719,688,782,688,782,702,719,702,покупателей
782,687,795,687,795,701,782,701,на
796,687,848,687,848,702,796,702,территории
847,683,879,683,879,697,847,697,Россия
883,683,902,683,902,698,883,698,000
903,682,967,682,967,697,903,697,"ПРОФСЕРВИС".
969,680,1001,680,1001,693,969,693,143441,
718,703,740,703,740,720,718,720,МО,
741,702,807,702,807,720,741,720,Красногорский
808,702,838,702,838,715,808,715,район,
839,701,876,701,876,715,839,715,деревня
876,696,924,696,924,713,876,713,Путилково,
924,696,936,696,936,714,924,714,ул.
937,694,989,694,989,712,937,712,###
990,694,1012,694,1012,710,990,710,д,25
