146,42,740,42,740,358,146,358,Любимый
275,497,467,497,467,552,275,552,Клубничное
256,536,457,536,457,585,256,585,настроение
403,576,466,576,466,627,403,627,вкус!
236,603,400,603,400,651,236,651,Уникальный
500,1207,517,1207,517,1222,500,1222,На
518,1208,538,1208,538,1221,518,1221,250
539,1209,557,1209,557,1221,539,1221,мл
210,1194,252,1194,252,1219,210,1219,БЕЗ
258,1191,413,1191,413,1221,258,1221,ДОБАВЛЕНИЯ
212,1218,357,1218,357,1247,212,1247,КРАСИТЕЛЕЙ
212,1250,230,1250,230,1274,212,1274,И
237,1247,414,1247,414,1275,237,1275,КОНСЕРВАНТОВ
597,1151,700,1151,700,1217,597,1217,ЛЮБИМАЯ
624,1221,700,1221,700,1261,624,1261,ЦЕНА
512,1269,544,1269,544,1288,512,1288,6,9%*
528,1250,550,1250,550,1262,528,1262,###
528,1237,550,1237,550,1249,528,1249,###
508,1237,527,1237,527,1248,508,1248,600
509,1248,527,1248,527,1263,509,1263,125
