185,1137,483,1137,483,1224,185,1224,"ТОЛЬКО
190,1083,479,1083,479,1147,190,1147,ЭФФЕКТ
150,1103,163,1103,163,1129,150,1129,###
151,1049,162,1049,162,1104,151,1104,COLOUR
140,1100,149,1100,149,1114,140,1114,16
141,1063,152,1063,152,1099,141,1099,HOUR
114,1090,139,1090,139,1157,114,1157,POWER
116,1013,144,1013,144,1088,116,1088,STAY
90,1094,110,1094,110,1156,90,1156,AVON
94,1028,113,1028,113,1091,94,1091,TRUE
187,1010,915,1010,915,1086,187,1086,"СУПЕРСТОЙКОСТЬ":
195,935,583,935,583,1022,195,1022,ПОМАДА
196,856,598,856,598,940,196,940,ЖИДКАЯ
741,816,844,816,844,895,741,895,16
740,894,857,894,857,930,740,930,ЧАСОВ
749,926,852,926,852,951,749,951,###
64,780,220,780,220,819,64,819,НОВИНКА
751,256,861,256,861,273,751,273,www.avon.ru
678,238,860,238,860,254,678,254,20.08.2019-09.09.2019
794,214,857,214,857,234,794,234,12/2019
728,214,790,214,790,239,728,239,каталог
73,43,860,43,860,214,73,214,AVON
500,1141,937,1141,937,1214,500,1214,НАКРАСИЛА"*
