918,380,926,380,926,462,918,462,###
901,504,913,504,913,549,901,549,Республика
906,468,913,468,913,505,906,505,###
907,463,914,463,914,467,907,467,###
907,405,916,405,916,461,907,461,###
908,385,917,385,917,404,908,404,наб.
910,344,919,344,919,383,910,383,Варкауса,д
911,332,922,332,922,341,911,341,д.
911,320,922,320,922,332,911,332,27,
913,286,923,286,923,316,913,316,пом.43,
889,514,900,514,900,547,889,547,###
893,507,899,507,899,512,893,512,###
894,456,907,456,907,508,894,508,###
897,392,905,392,905,456,897,456,ответственностью
899,329,908,329,908,392,899,392,Нордмедсервис
901,292,909,292,909,327,901,327,Карелия
869,344,888,344,888,472,869,472,Нордмедсервис
860,347,869,347,869,396,860,396,КАРЕЛИЯ
827,391,836,391,836,436,827,436,###
810,506,821,506,821,547,810,547,Ближайшая
813,481,823,481,823,507,813,507,аптека
813,454,821,454,821,478,813,478,Аптека
813,424,823,424,823,455,813,455,•Сердце
816,388,825,388,825,424,816,424,Карелии»,
815,337,827,337,827,386,815,386,г.Питкяранта,
819,325,826,325,826,336,819,336,ул.
817,294,825,294,825,323,817,323,Ленина.
817,273,829,273,829,291,817,291,д.18
738,292,765,292,765,543,738,543,Сб.-Вс.:10.00-17.00
698,300,720,300,720,545,698,545,Пн.-Пт.:08.30-19:30
653,439,681,439,681,549,653,549,РЕЖИМ
649,283,679,283,679,429,649,429,РАБОТЫ:
612,403,622,403,622,460,612,460,###
605,502,616,502,616,554,605,554,Республика
603,459,612,459,612,499,603,499,Карелия,
602,452,611,452,611,456,602,456,###
601,392,610,392,610,450,601,450,Питкяранта
599,340,610,340,610,390,599,390,###
598,316,609,316,609,338,598,338,д.33,
600,291,608,291,608,313,600,313,пом.
596,280,605,280,605,288,596,288,6
589,499,601,499,601,552,589,552,АПТЕКА
588,464,601,464,601,497,588,497,№10
583,380,599,380,599,461,583,461,«ФОРМУЛА
582,282,598,282,598,375,582,375,ЗДОРОВЬЯ»
506,422,557,422,557,532,506,532,ФОРМУЛА
497,284,551,284,551,414,497,414,ЗДОРОВЬЯ
